Id,Price
725,164381.25180893758
15856,205964.97294149938
5480,168291.3939620267
15664,365741.28902048105
14275,146697.49414187105
7633,218758.55951892136
13329,156950.74995969646
5502,224284.86586743343
4220,285062.82868025417
11538,192254.3588209419
15975,272420.9088617143
3310,221610.18883022683
9286,150252.61787474612
11260,186349.30979775023
5214,102794.52490626508
11307,181141.4412028144
13543,386246.00025434385
615,172594.55246892315
3495,215110.23574270762
2321,225740.63566138025
12046,214504.94769783472
16688,143602.4366626246
12694,222470.64856257915
783,142120.95846908411
8968,160352.99141763215
13454,170490.34950325562
12190,266767.7401640109
11160,119560.80578224205
10291,197898.47001898114
891,284416.6505192738
2982,183921.22071810224
3818,261457.23135713022
2449,200913.98725169938
8317,164516.7002905831
4922,183126.4155914324
1257,242703.6646756001
9348,223834.1899328786
4176,174868.3508860562
10704,155787.369659597
6624,113842.36464200846
5428,176852.60436845664
12749,181566.87536933523
8994,202810.76375439516
11513,135449.5188534062
3047,201338.87809990553
9519,180580.21330929536
12309,258929.9584223022
14081,276576.98353069293
8334,268358.3986069738
6343,178847.0831034465
14788,135244.52587476338
15748,442713.937436376
153,244090.27546257203
14149,189461.58717814548
269,189094.38839066317
5452,129923.17873614494
721,156150.50522554212
5079,327984.614925749
2831,119650.55681223296
10614,111456.42596198051
10131,263682.89301431517
9996,298760.4363533912
3061,193225.73413135723
11733,334332.9877529496
3726,247626.1939970689
10929,237729.04232441017
9011,171840.72932944997
16182,276090.1893518455
4976,164053.0269441611
9897,242420.8756239675
1872,152285.05568286753
9205,390150.9342292632
5403,421510.6333956041
14074,208426.56054550168
6268,155883.68697795935
14232,168725.39057604378
8532,239572.08714260708
7034,363210.791643598
6553,478171.14984380215
3133,173626.49242358856
8596,207214.99387998614
12389,267704.57633011555
14462,178277.6995895448
8860,337395.1272054593
8377,306893.62168806395
6367,317368.9273747658
6917,238055.7570276967
4216,199530.78582894866
5806,165197.8429840028
5438,178884.23783449357
6632,199517.5259509183
2650,152619.9160996062
5396,188588.05110720632
4044,149585.41481505023
1345,240863.2116852411
856,174051.4262653462
12791,274607.70936920657
12499,212570.85167218186
12249,131256.47263406983
14641,146500.3179381212
1919,162791.36624673815
7848,197142.35980899382
10749,184065.6455558903
15554,197180.66033361366
15834,197422.65507896652
1355,168315.46772553955
15451,187887.27030561012
12401,187036.35141706673
10290,180699.89086697463
9462,116917.08753954202
3103,244546.24313951036
3420,142699.56080235934
12262,245913.20119506397
5032,149115.20546652394
8949,300759.04049908265
15567,218552.7044917567
16389,157039.95440783037
7809,91655.3760519858
8990,153790.7634190514
16089,256855.71417095064
12743,106017.36017701906
5132,129706.93221891994
1619,264772.2548935245
2428,86394.75363151844
16741,160763.8597781036
13193,208105.8538466815
12588,496734.37893777294
5067,168973.33784539663
14685,128072.49366490061
2292,181963.20877502742
5746,127008.55586663751
12578,163913.04619404307
14834,168075.51869601212
2147,172046.69954531244
8222,134820.98025560536
10419,259336.99884017196
11492,220908.92898335558
3006,230062.78787574155
8761,194816.56790157192
15371,385734.1569802264
16367,150257.20188695742
6317,246645.77205481735
10878,259218.43844237915
3895,160427.30542595626
8041,232636.36302551848
13428,453519.60563907016
14669,152247.73962774608
1006,168644.89056712852
12271,179149.66278153544
3764,423489.7822515676
7675,195037.01946879816
11709,305698.20833344746
8629,155855.63069590525
1105,325595.25931713614
6096,170942.52867905123
11727,209365.6006837798
5157,166909.82705388975
3679,135832.24480847892
1755,139889.46757840633
7391,214513.06805655092
7425,109278.11531162268
6882,396381.06578795356
10752,349840.23734189325
7472,231200.274567977
14320,103109.68927921417
9596,168518.47804928283
5317,220897.80145282214
7378,90583.11570272758
16154,187494.169030684
3464,195113.5095396256
4197,240421.01117518594
9477,120258.74112140857
12705,197117.97059589715
16426,203912.66217529165
1481,73426.1349289947
9946,235525.45680177238
12025,218243.23232645486
5341,247595.97650889444
9923,306377.3759522704
7953,246461.89381029722
11066,247919.4972701188
5037,173274.9419616579
2509,178721.6237170786
4937,340781.999511484
12089,400480.3807686941
4964,176912.03815081413
16500,265836.6676451751
4625,135226.2154580915
2363,393339.8437245607
8148,197757.99100266636
3804,182693.97874135338
4584,158686.700270407
10694,123595.49915581867
2691,168545.7388016537
2983,219945.14098447846
13563,336206.8401937521
10747,217783.3270320986
1721,202777.3733193753
2789,262402.90527968627
7214,253923.2771418636
8659,218684.05120112153
5107,278264.2571637415
3843,217649.2160623929
14610,383781.5852542197
15505,163607.84807837452
5060,245380.71377655657
16055,246491.00603775962
14963,223945.1404873932
4118,142597.89233484847
1672,187695.33966152128
3209,184258.44692514432
16515,144367.35491997164
973,163396.59689441056
12529,196261.46143878612
5896,124678.80390481581
5450,337014.87212960696
3249,179781.2379996564
8911,182471.63317625268
5898,203993.9658190599
1024,189130.8485473762
4766,222600.55534982347
15804,174710.8370013386
14303,227707.87778437426
10707,175913.9766046188
6605,202241.1398898329
1138,352174.73728439724
14088,400672.1968489375
9154,184985.33542270737
8190,194507.69186192565
398,279133.3449497795
13302,239094.60090172756
9696,145275.84861376422
16786,118045.31608124584
16230,189241.4009947829
6552,185034.45839355368
923,219245.1298578636
9602,304365.86754584406
5857,236643.62483027222
8120,166013.60595640074
7134,182802.76850628233
11726,175309.69172548855
8069,124279.2740228622
12420,167129.0816560982
8604,170818.7423992531
4854,288641.7268456238
12212,192494.6184925104
12099,352749.0370976987
3882,419256.80590007745
6995,344715.02145512047
10172,221952.97304017073
11672,306204.6348782929
12897,302378.8992866306
16097,198475.7348042046
6779,267602.92638839287
11199,200521.07650982615
10816,418732.2270666639
143,419578.3540520572
5399,249416.08136950491
3286,157090.79979159223
13706,186481.2706790732
1935,424055.3988682773
16000,175709.04209653774
2860,234433.69977855796
11407,188661.76806710803
16378,275790.47571356845
12278,180620.17222364718
3842,178509.51361491045
2692,342256.3093626902
7699,189721.56797949763
6825,305257.52477065317
7268,303147.96788320394
1477,404980.94745510793
9887,175881.43230500026
9436,182579.01323819024
3179,229862.36310532756
1350,505108.38333780493
10643,190342.62952466687
5793,262709.9096786632
11494,426837.274357568
4206,195992.14523519302
12419,235183.1669584126
8530,246906.53350852543
5985,145445.3092801767
8908,213235.6703191172
256,132168.09792889605
7234,174480.68060740788
5648,209753.0991674972
3014,222147.8866584233
2184,192122.88103238386
9189,256486.5005422112
14884,205852.17191456968
10333,167231.43479134803
15896,143930.25276105886
13269,136394.58892140153
8603,238500.9593852645
15087,179299.63106838675
4344,195279.1095889504
7981,75030.08474523036
10908,231478.7506253567
6190,161217.21056866282
11742,204280.18194170392
9224,146580.10587041097
14667,191737.10550779622
458,200713.9755656301
2464,349079.7804230527
12320,246797.82415734837
278,211568.18653950057
2912,215830.52555682484
6698,207714.0636326526
4510,124604.11777387126
4183,196767.81968467485
5551,235684.16442575908
12187,163086.72873190514
7948,215951.3417944198
10808,182477.86738921207
12432,178487.9479732343
5356,168552.00419987645
8984,545465.7277462402
9203,187846.8637842745
15412,90315.25731969374
12041,129872.26975875601
7644,277790.56213798374
7071,205428.29204580237
10685,176901.14558162587
6763,218076.479470034
940,139399.59474354316
14959,200157.0244581093
1338,163962.73319450556
5351,130252.25155844119
6524,187141.3490004031
12516,159429.0118273027
3288,260250.13872123935
3146,241809.2375908003
3954,181477.2168414244
11955,171166.11917123728
1211,227571.70928206804
15668,197864.6581087193
1320,95314.37901202159
9108,175270.4579986204
16482,240149.02738666456
5017,150208.48909838445
8290,220966.18737687857
4304,379568.0376359252
1930,180024.0148121991
12530,166800.98096899316
11295,344375.2653272292
3002,148650.58669615645
15483,158441.10425376205
11525,189869.86221984163
13978,121578.4367157226
4885,137387.3138602586
8325,163707.8054660443
3630,134442.31337428594
9165,182253.09095483337
13945,235973.2693394793
10663,199176.84847734938
14803,179306.9952456083
7621,171829.1018671037
8205,235919.52123948562
10387,204841.25440606484
5457,149510.19538281436
10234,338838.2430059914
6251,163680.53567888844
701,255494.34433919087
7930,177494.83951505867
15028,139953.8773019797
12172,65363.934124729014
5805,191670.31919009832
7411,289641.91466575087
14806,184102.82914278778
7890,166862.57419552864
10440,153397.27084592808
14926,168133.52940176893
5381,163021.00584009668
3800,429903.09073119366
10511,244324.9333673421
9324,251093.6825227954
3313,213305.47496646157
7351,150907.34204194995
8459,182931.89643393364
9957,127367.77769936806
12024,222038.97120542056
4380,248044.43044971646
5042,146378.65195810123
13289,146274.663078024
13407,406475.2768390833
13258,156142.50927540348
15993,263323.1315690756
12525,179950.64217867964
4062,267752.548432411
12065,175063.8464639528
8227,178806.56996358803
11333,161308.68016847048
2867,136918.08387464238
3319,252229.05206654704
3523,329912.0244687933
7055,203540.97552137036
14930,175629.48185720315
3444,132561.44037287388
2940,311073.7393507211
6935,335779.3984574679
16116,406118.29374800134
13370,236091.78395954927
6103,213467.87641210313
7446,186377.33840720594
1859,179113.31628053874
4079,177812.38406433247
3228,167463.84007524102
9665,162044.4903329138
15957,397944.23041484517
11533,172332.80855370307
2314,125472.74531534256
4096,195856.71552931907
13437,181137.8093969105
5980,223216.0932931888
2008,196198.45948093408
6754,184542.92679319947
4129,153560.2012368992
14557,295887.0418446765
7096,358243.5264624151
14297,250472.69498318844
3967,220298.519187978
16485,121235.70574406846
13075,306641.0379331808
14289,197894.89354948388
10988,165152.5203117914
3230,142359.83749820254
13250,180567.38954002474
2559,190557.129234719
7739,367689.7919731812
7213,165574.95240249875
6639,226459.35555550316
3164,298800.48583113577
15207,166101.99951463027
5113,191053.33943446705
3929,151036.8580948698
14493,247881.0196322025
11110,180354.39012536025
2033,202711.33225847836
16057,205462.5308024316
16709,224386.2436388829
14313,154841.7783787054
1028,305730.41594709974
7187,100435.80919780963
3738,314418.9273862152
9869,323653.85200888466
12644,184605.87868022473
3686,122204.40636929745
9196,250359.04353282717
12326,204656.5371016621
4936,198633.8492990423
13314,171482.6859062116
9857,358025.9003759026
519,186761.31763690422
8410,173457.09147838067
1720,176596.01294876673
10341,251817.21820889946
14415,178756.7427481471
10613,278735.9856145058
8027,227188.6487583518
15539,263564.5456462683
7431,264167.90406302427
1370,144380.91382008654
12708,149867.48639515968
2250,215710.07300744898
14758,137292.88346728985
8525,365923.47394134174
1538,296599.3354053233
1142,155854.74946141447
1152,253031.76550529385
9802,185559.8253473394
3331,327441.40778456844
15203,178656.90743077005
4247,182337.67154773482
1976,377264.9802039069
2346,183709.57441890406
10078,239894.37474983165
1938,208784.8469638343
7819,169134.83958475036
2168,250971.91315929545
15634,229098.9235185466
8465,236564.48409288478
9313,158803.4210640252
6539,136446.36496201076
6325,110062.3901852576
13442,276580.99515058054
9967,171300.1108982725
7893,228956.0243330895
2861,200657.78811252315
11031,291515.28965912963
15073,126067.14263384757
13837,167688.00484039407
2524,263902.13633718627
8617,214462.3373507911
13513,189136.4311457378
3081,309418.0888028416
10675,343626.64768429147
1907,78514.2800571713
4872,236236.70840380082
16274,408359.18414425396
11837,228623.36322126328
16577,228898.10307152322
5231,305234.70473761763
11315,187487.7421429892
273,204841.25440606484
8363,237398.34367171297
4255,213112.17508406282
16330,235757.12814293196
11528,174959.14292346622
14799,258056.41644735925
1611,255078.6565304188
9234,187404.28978947742
1633,109023.44631253555
6791,217005.0740638276
11567,309797.93027539074
3070,216396.27474035445
12094,232920.08377645235
14335,292513.32743333385
137,161162.1806552475
7182,160199.06818798944
11718,181478.0138056963
5194,99529.4368870269
97,364618.11135108164
5118,412764.71158332773
13920,309756.405245964
9952,187526.38632675228
15337,208486.23456135663
10243,215408.19783052485
4048,435207.5787322321
171,158582.42676567513
11378,156630.8325259342
14190,174420.6248482203
15265,137379.71846529318
2740,129965.63647884331
5573,309262.25802421966
4481,225178.76537530855
2631,147759.12284346283
4984,244626.43926583978
16466,183037.77219380744
16716,126759.6667909854
15325,166719.63093149726
10115,171310.97325600716
117,553737.1291962547
5476,105918.82763306818
11757,178377.46029223735
12359,112244.97767259489
15546,171322.3378759339
8133,161837.66765715485
9018,357280.46504289
2075,159445.87328290788
11170,324902.03515621147
15733,201290.4066145423
9280,148109.91867788727
10734,326259.2236976729
14071,152312.7331993488
7373,236379.19095661305
14736,193815.9203930487
3458,112279.33001448974
6183,168556.26250026128
7825,216024.9246990888
16775,173530.67966985574
5717,173846.22768757533
12397,146622.27860121027
8189,489022.84624815296
4423,205923.38143998943
3994,127325.12880395264
10342,191351.4024691792
10051,190272.22385709113
9453,145167.5421312806
12593,519015.8244777933
1274,88852.27710919797
6933,332221.9367646001
1761,142195.86640228043
7157,339883.04619393166
15169,146895.93939393706
6792,332389.36249311734
13830,183585.83602329635
7240,211821.65757985777
3051,269593.6757413539
6550,119010.90848105475
4603,196796.33318901254
5729,172678.21214902605
13473,318300.0055205269
15104,135835.31304949656
6599,452492.05392813624
2216,248453.17720567022
8721,288476.63360364025
3645,196720.48613853988
8664,209916.72989608304
11001,223150.141475862
753,163158.94913005174
8129,216041.06526326787
15235,176130.93596761487
3359,211949.03472864893
10424,223906.7054598895
10226,228502.3740774535
9252,202801.06863786606
3008,261431.2717559713
5849,173993.29065682302
8494,157184.33716461883
6764,271282.3315589821
12445,322028.02814921626
11716,184136.5396985477
4508,118642.53075099464
5669,202654.66872379568
11427,118659.03711476907
11065,188225.8298848035
8910,222466.37627952237
16401,65204.74508797034
11913,155058.7453509139
6221,202208.7596882015
10839,189662.98918979254
2809,206474.8879735879
13311,144160.27108322876
6866,183752.0133353609
6019,170919.63500098712
3024,161806.29248391674
1391,218886.57635181016
15904,207919.08156408631
15858,319097.74329154374
9911,247928.05799367043
16579,204495.1132152385
4394,277301.85598141875
1468,487649.1589721711
12965,148720.65701386984
2249,189803.90186381008
14384,154876.2048179409
13040,120024.16008285538
8872,144470.72305530062
12864,232578.23028219442
15712,168742.981797342
14049,177039.91523828334
1840,100842.36263588403
12019,160880.72309182625
8948,152763.04853349662
15154,197087.90055254262
6943,143972.02334942663
12564,381869.30509039795
12766,165519.02534477055
7255,248866.64499089136
7962,150894.2961489422
709,143626.43738819996
4634,148837.11933066256
889,225709.76746142856
4774,124911.7186238212
13890,173435.91718223834
15431,149113.1775392361
8726,355354.184390739
10373,146597.1608830642
6413,189846.52946079138
9761,152833.2506187222
15864,159605.55604698462
6147,146360.33946781894
3384,200383.28057417768
320,266984.8048933383
8006,174158.97119995984
14395,174220.6176697973
14976,103575.6749216472
12185,211937.43743762933
4779,123018.32553688539
8551,166900.63519113208
9025,293196.44182701275
10616,229301.08220298687
7475,116175.0155858876
6341,320788.4218189419
14163,145670.92595981905
2211,189537.41163690027
10532,289752.9019679095
14338,138513.54546955833
831,171810.00079525574
3382,162736.83488611516
9209,306195.8276587497
7188,232801.17078067202
7197,200348.10452238796
11270,172763.7835374961
15918,94760.9867938942
6937,543703.4581773158
6178,187566.54029097914
10668,99703.62016769659
1413,275963.52446189715
6884,347405.40500506223
8266,190189.4264677646
14019,195349.90858553702
16764,144178.83843156198
15306,168950.926959779
3740,202688.4335633045
5298,176353.6554260966
8319,183021.8130750577
4229,175815.53850157218
13429,203131.2716056286
1753,473512.9538703409
860,271797.9112099465
14219,152382.83137210872
12113,200612.66186844153
11309,121743.77533440485
9930,206084.32978953424
10570,187557.9126483895
2839,143036.4551133925
6699,116135.77640740277
16647,119330.58891112267
5325,243130.99094271671
13733,167214.4142145316
7818,367210.0762343664
12505,238009.72186662923
9489,197649.87722577047
10106,190684.3975929943
7864,219182.4998455117
5134,282094.23538525146
11859,156639.89777758252
7440,320433.60469148203
1525,331296.39371919225
7339,184913.52275641734
8,326419.9894219894
3248,112440.33531108883
8995,223500.84333560005
15178,68471.61540785391
8594,150119.25964107772
15770,241171.32081540336
15859,353955.64428576664
1735,295350.77699079656
11410,548611.7928030414
16397,158024.81120652822
3572,138328.2258647823
5501,109390.93987516906
969,191242.98733786194
6977,410973.103165281
1233,184290.18190571855
4258,174990.4065366643
90,430190.29689430585
16650,174929.7495607276
197,104263.84193915196
12514,241459.5894012947
4367,187294.27140741987
3199,205777.92357101943
5600,194642.67700904977
11641,217019.67894239357
14609,111231.92188347639
12775,147259.23174005642
14240,163019.44711511044
7933,181707.3904533201
6945,354712.0574133617
14006,203841.94922916155
6320,259116.9632810918
12061,178197.39854207676
16369,217501.05992317924
16354,357870.01462411555
3970,301210.8633158441
1048,204008.72401826936
3639,216509.89768816505
14448,213860.09464764764
2812,406254.4077889164
3932,155137.3964020207
14875,306745.6796876438
8883,113239.57021542217
7622,281321.57806131564
7252,128859.82617523038
9751,171743.91980153896
2378,191632.61059795888
6816,244353.667523709
15358,193476.62536036738
7843,157995.45753606324
10448,357820.1463111164
7840,291507.81279569515
8880,227871.7626848124
12551,368129.397171507
15470,183645.57145187998
16207,183781.71291177627
12123,124224.52416954865
15247,314198.9731593699
7481,222223.13504081365
16171,332499.9396586525
7461,331300.8242323617
902,258859.83637999772
13094,156951.59917188817
11584,248872.34275645713
4462,207455.80015476653
15576,143371.95467035263
16606,243170.67977672844
5427,313420.61347426556
7725,161326.82643280263
5409,162179.46734709124
12579,127431.11448767333
12013,231594.08355779402
11321,184789.54614073414
9932,144651.3086045786
591,160156.5213579932
10357,202968.16769719997
3336,230444.12647680068
13,187682.06959303154
4809,210822.7422602793
7555,179666.96770312393
15172,331981.7276426709
6989,166566.39075971814
4707,179759.8143602349
2046,261889.7798104445
6495,107999.91045080697
3873,179329.2322487832
7061,202238.48196719587
12112,219231.6959595726
8917,278279.6504723837
7735,163169.2146819508
16442,215883.13260411695
4244,165343.205961336
3747,264296.0596227242
11086,177170.37112956383
10080,206597.04640424898
15057,262168.5468673368
1331,193138.56911346177
8891,156543.91763506975
13411,209409.12592188115
16730,240260.35051985524
2267,186389.27109373093
3022,197270.23169480055
11190,216103.74069647293
11857,175872.8949015192
9318,166956.48516145433
16512,179970.4580817938
2053,219602.6998403104
13707,127248.46761499587
12143,170216.13756624193
14080,164049.954441083
6130,182968.87162208714
7936,80519.2799385419
10101,172552.5960896284
5663,206542.34582043707
14811,117483.66018393764
1366,177230.25780719874
908,200735.41423103338
2953,124042.76445357456
14629,147362.78943127103
15096,390281.3471086734
2115,184354.40773776852
11770,160942.47686295348
12701,172685.7950249
14584,130886.88420445667
1893,393064.8806348143
9501,477091.6082561698
2138,100537.9418677791
9346,227987.15261835675
15960,389897.22047823877
8230,164324.49982177588
13843,210449.07498113095
13810,241549.61580650706
15650,178704.94378498584
9974,142561.51948983828
12200,205954.99669196698
538,223663.55371854964
5334,174459.25921159916
14823,126858.03732550054
4817,163795.29059152515
9041,200176.4331424246
4359,287039.68866921717
4852,239349.43975746934
10141,134588.5866429049
1503,211516.7962765389
16256,448379.6574353759
683,110714.60815418698
14382,195101.48200676945
7248,218980.99059385082
1200,177769.2499103174
3563,180883.3744329729
3681,388865.9561259255
3053,257702.35065890147
4099,206619.91231228673
807,120414.43656485248
4658,305670.7182600884
3535,165852.61647106838
12548,150946.68386473187
10488,190967.87861744282
5851,165123.25924565815
13736,172528.90363040456
875,166932.88041574197
14449,159147.99622437777
3958,341161.92120971624
10727,183119.26165102446
11296,131752.209799502
13646,255672.2785626826
9599,185294.60193297532
7135,304134.8081476452
5943,338262.35645979014
2695,279582.6671840828
6766,223544.2125917653
5630,184305.2344355234
13586,209593.34267027373
3507,432164.20226103906
10014,143269.39326574997
459,288069.0010581512
3582,254261.51268051384
8560,264129.33831561595
3372,175395.17341915634
13109,248608.61668576044
8160,211686.40783082228
10706,244259.90963852932
9104,316776.2310519293
2870,204486.44090388276
13712,176770.13894287247
13924,128733.4340812441
798,294011.20479222684
9750,451734.08444547665
16248,381717.6875210204
3170,178735.31447121946
12700,234990.07500323193
10601,135562.6678699935
514,228082.8779369158
4010,291148.9991048615
8124,157608.431374816
10800,167579.62796809647
13628,201519.1724086311
11637,139615.3362253022
781,175717.1262677741
16156,198435.41191446164
12618,252200.2857541654
9766,177721.99621765094
15987,263688.5446155784
11051,327005.2285131637
7673,212763.31439404143
1245,378238.4680859196
2443,147924.84616578533
7413,102520.07562750856
310,151275.82656537968
10921,228045.360766152
8709,89423.40720871804
12404,336671.3926827515
14986,212221.8965304923
10714,316754.68468642037
14286,200624.15960418584
13828,370759.16086003114
8926,433229.6932226266
12233,173977.22093834062
3913,197568.46139759876
5221,193709.13969714125
14965,90696.9348772844
862,190727.49436981027
13907,146815.07364867112
5418,183276.87972338428
2045,175326.03487451456
13321,196719.82796569495
2762,237195.61651283217
13888,175535.9359669527
14962,151236.76732929354
13305,385290.3959077527
8487,246222.17458773026
7146,166359.6847261072
1134,184195.7035768355
15092,350302.3665382382
13760,246645.97279588855
11958,443073.16608438327
3177,180160.00779470944
11350,202015.22756750122
1524,115900.71108094841
5527,239423.55965033005
2872,191496.87332900203
8602,342470.2470892283
3067,317532.1421744585
10435,215582.0175336223
11222,211577.5944727755
8700,157486.04529548972
10961,220809.43323675208
14305,192106.4094639708
8362,321226.0565824715
4979,154454.8295762435
7180,327916.58438409225
5763,122401.76600397473
2192,229722.7651241241
13581,188531.444579144
10720,160999.9903973562
1358,222872.8437793255
13366,336815.2754798213
13539,416045.7359836301
12849,190538.93351003248
6794,182399.31672845638
525,448883.6379677035
12223,341032.4170394427
16271,132101.19422453834
5818,134228.4776141663
16588,278161.059718953
8981,131488.273817449
16476,126592.9781241362
14663,184420.12827659093
3,142843.86144785682
6615,141514.8525954744
12215,283289.465431949
304,249435.8804942166
13634,282139.1900459526
9208,179806.0663691555
2175,169750.56522705307
250,198353.63339801476
6045,182490.91408204113
10516,156048.3504209282
1852,484991.7789100437
1573,207555.77406449078
15079,164210.9580471745
5500,173584.99845897287
15775,160927.8482210451
3198,162618.63979067336
6718,188253.72923800745
4149,183250.59809517785
9627,260267.10746388667
7595,281276.5785288195
4538,192520.8643480423
3555,201181.97210212154
10483,327384.0610201879
8834,168293.3906916191
16412,177139.17128337128
6449,146352.86365352228
2767,185988.8279117644
11498,168155.52100973984
16472,145415.9087891661
178,328000.437315824
10948,187598.03597142227
13313,289479.1368484281
8065,147556.44058075798
102,156742.54582657086
14428,142846.15773587188
11973,133181.4555019752
6663,194611.44589942013
15989,128247.8377901075
10955,437466.80284104566
11772,144526.81394717682
11364,245413.89533567865
7082,171455.95700923694
7749,548436.514151125
6428,154572.5618375986
6869,98612.00810192685
295,174169.0004025899
12266,256976.653747848
11129,210159.0099786651
826,414621.8496184733
3262,250183.65858866269
15641,333384.81397494115
1662,510428.54856977385
10926,210561.43704567428
10232,228690.64288435044
6376,188971.01698093832
7817,170751.95847645344
354,207685.3475989014
10076,193052.5800457297
11379,334896.486909729
10184,116672.13134498935
4696,395324.6720544258
13562,498674.9697583748
5436,187093.69421388634
13196,118089.13341970037
14939,353117.5974684344
14004,194608.16157526989
5916,196723.68228036942
7229,188392.18936802566
9143,152927.88726358567
3440,201713.8761538424
319,167870.9820762326
11683,227568.36697756994
12647,247151.5785999304
12788,161673.22592955263
13662,224242.4106038473
423,271565.95624837227
5222,210386.31848285574
9242,202807.48254481214
2641,189214.04348778113
4855,165692.4802887588
5360,175785.11185484816
9799,164957.6831832547
5526,252994.76738738897
10309,157662.5437154452
2144,387857.54419402196
7191,193415.71893857355
6732,164685.39101692435
14789,151956.6439855952
13525,154331.8043267945
4066,293920.74642253603
16422,204240.93755720928
14890,188874.94829264923
2922,244915.75156534626
3601,119261.09030658464
13416,113430.99129351942
14363,196153.32801622307
9496,285605.33726695017
7115,313246.4326928768
8615,174432.77613598443
5218,64391.21596313396
9493,200633.17360305894
10623,180661.6983737494
2272,145181.65563003154
3352,300448.59896758443
84,178465.73430031643
8086,120960.11762867625
2595,240236.63440473055
3531,150639.18347587046
7460,340182.27837008826
9214,264229.2038521768
2790,215010.44575824088
10548,234450.26565872724
9218,170117.38965763792
7435,184290.30347381256
15780,188037.5862661354
7640,203980.4396991597
6223,181502.29150059432
3425,111405.81405771794
10582,147528.97313913325
702,258422.26915757297
2111,177026.13059222043
11730,189298.63513801672
9865,246826.38945745892
16478,322226.67636109283
1885,216678.64354489025
3956,401056.16835291096
16735,125949.57553480916
15264,201578.7721196336
15971,170108.78898008814
5584,217672.13145248574
15242,194250.89021794542
14358,191170.3287190083
11300,208170.28951065618
5446,183328.64480334494
3934,166293.03659461119
6610,170527.74021345773
10164,325712.1498325355
4646,194205.75209771036
13304,194574.64075284713
1985,198319.3783115692
4746,139615.3362253022
7963,211097.5421856183
14083,292025.5349380505
13140,290440.01401187555
15023,287867.667421203
13093,252493.08554787323
7160,196429.7648571473
7407,195274.04489132724
16056,187827.03554294343
751,509371.7351056401
6179,92846.59822745557
9137,311882.8840391812
10992,293829.2140955943
5744,526982.2065310674
10884,174216.6402159185
12858,297088.0978897072
13005,288196.3662297221
16714,184275.68110270257
1419,255454.8634446426
6064,203229.18349431508
3771,202377.59100007595
5945,457792.56926187116
8453,69665.47795250447
3806,158125.24290588385
16748,254022.38301144922
11380,219537.80137538715
3107,202611.6903103935
12003,201385.16024145717
14567,194716.78407377237
1079,193200.86746802749
11705,141960.3750983305
7814,211756.86584737958
10174,167255.65850097954
5514,243451.59253689824
5265,236005.40766241017
10520,389507.68634736905
13195,210582.40244099186
14601,416446.93520561454
6012,187682.93364514652
13079,173220.1648188635
9009,137375.11224619407
3122,182285.6979145793
5470,252608.0162787576
4840,168221.6058893224
6270,261794.45499116555
9158,90615.00982537011
10120,113516.44022817878
10672,299852.01467662666
4573,137840.56305776475
12118,302591.7934662615
7447,126786.87147803286
2171,212695.68193130443
6126,281106.32191945147
2836,166671.6480805112
1457,256125.66424758005
11165,234776.7951273624
5923,202517.7853463074
1813,219823.06173059953
3492,247975.9137610541
1917,308697.71221232007
965,433609.652524799
15795,151895.66416970958
821,209902.06502249168
4568,183894.20053822175
9078,218739.22410563487
11371,116551.5469760874
5149,192752.80580410975
281,209786.87214277935
1918,244580.61547648368
776,134024.77972108987
210,195231.21086346923
10782,170781.57426875082
9653,179356.40903156652
9372,159177.67489519384
5868,157399.82015226802
6176,136545.9487845196
3969,105856.614465788
7427,151006.16658042447
8544,475375.41548702435
5219,209732.39202483307
16488,130118.4558931523
5855,228274.49746556056
15920,124378.0039747898
4393,404940.212968959
5770,156714.75479056203
2900,148958.57672741386
8622,88369.88612128094
11610,276569.34006856073
10969,110773.78372316783
11029,150835.90958147345
6193,290055.12693773257
14087,477422.45676695596
13623,160768.07808255672
16689,178274.9734340927
1027,210266.8469637382
949,150333.6209770381
672,113340.07170247142
13832,136776.18515033883
2471,212690.5755813887
8728,264936.7844549423
7742,223806.03027745814
2698,231087.56101132242
9084,176682.46277638976
6075,275209.76278093946
2874,164609.81465675862
13119,138821.23471477738
5010,205117.75374034932
1284,176337.2845600198
1151,172571.13601835852
5110,373083.2030202153
11386,143629.82568214147
8019,238028.38072177177
2859,127512.04003362969
16110,164905.691903291
16027,288033.0447900216
14902,172541.41179777813
14301,208975.02758397436
2451,227224.56914302133
13596,134719.28154980013
1464,133864.02699955401
7927,368192.6903020886
9638,231541.47009322466
8009,290995.4702201468
11903,161185.21718373804
9243,113436.71942402044
547,185128.83039874042
5511,127402.21961752008
11247,175761.02764219453
15928,338547.8463097494
3434,207172.60372123335
7614,113269.5942465485
1380,200053.29262227946
2770,139803.4067850528
111,182146.3563683725
5994,127255.6943514462
12341,201617.49323822546
2787,254727.55724684524
14410,343026.10175692214
15983,131156.2059441653
14876,179989.75595010445
653,132128.2915561344
2174,243396.25148207866
2575,340603.17950430483
7976,168338.12701545825
5812,326979.7508164516
13589,388559.16932631587
9122,129939.5538031442
8159,498410.9361163107
8754,334400.6592469945
9321,178888.33341730537
13535,165254.0503768919
2083,165140.13277413195
2689,382045.772722033
2248,223081.5884928582
11649,154402.05254020807
11045,349002.4723702555
1276,103049.47967297962
5962,132523.03670161858
13012,167572.44160845195
4642,178454.2852739322
179,173161.00070792885
15347,465791.6128332489
3339,159116.9588106887
8166,186241.57677531385
11617,163242.85180210636
52,344503.55860290705
4395,216566.82695374152
2183,210660.59565096098
16045,170051.76452205578
15719,168370.6742027247
9864,198255.63032820745
1903,515766.5195186602
13451,174376.76376884565
3640,163784.5151300941
16551,190648.7222226676
2343,157317.7590011411
10528,204488.40437802445
134,238530.70636753127
13966,282383.41358257906
2366,153793.76498627852
1198,229081.47723871173
12627,110567.06771561835
11623,227233.3038097995
8267,129158.94152349647
56,275826.16087936575
2988,272782.6588650171
8843,266118.6650543122
3043,261707.2382090235
16486,350282.3381656433
1241,169715.63567164988
11180,337580.6216855417
1984,179016.83607619072
7364,138918.6368026404
10769,137728.8401667416
16617,242564.08172616645
9007,331970.67490591947
12953,355908.0800445699
11366,176952.9998998138
16483,211057.2738801127
2326,195136.54097135877
14195,140400.57724439673
3484,213600.07972534877
15257,184294.14977139677
11920,251403.50547858793
1359,176177.5905058178
10353,165538.6825944002
15614,126834.95605096004
15101,257674.2584674541
12755,320264.4805399785
6252,188022.80490751585
7485,191351.11888059854
12603,147561.44546558484
5281,419325.0974011427
10708,156921.04435808916
12563,159110.31712355636
4592,196331.71542672973
3390,428354.63666765194
1986,165940.64733932924
5745,132646.69829209996
14108,189360.935814003
9693,111101.11096665212
669,136974.39912362082
7320,267713.5928624515
10258,144685.28139184584
507,192797.2607796275
10365,173941.99908296627
9363,189418.78904363036
8736,125780.90202631726
15100,184275.2350754168
13420,151729.02693155984
13248,290607.0017836367
1972,366906.8439200812
9258,222344.08613214915
16455,258438.75463696232
6150,207552.52740165894
6283,201467.29891052778
14979,242413.82157598506
13935,180493.30582928986
4985,160198.8007963628
5393,126004.01045830286
1730,135019.71841162973
14129,199859.21345135267
6254,188787.3821348496
4173,409072.49854070955
4910,282802.2314555089
1297,161646.96656488607
3366,130449.82396671822
6044,333081.60404167685
6259,141271.54164897904
3852,124101.28887789407
8723,222220.34647686928
16109,219039.74845207977
3721,202999.06544553518
13453,273402.0123684098
11962,245498.7237434187
12998,152415.23341278083
6886,207448.9427987603
8200,317507.79236936953
51,230132.35687071778
3930,269005.22808573884
6310,203201.2430906963
6112,204841.25440606484
5135,128448.67821454715
7522,313529.4716095589
9825,242657.68288512336
2411,230643.44785234085
14940,471347.33543251344
15970,155365.99496752053
9894,283515.54523809755
2564,189526.30326773552
7095,228367.58359260325
16754,231270.18526579725
16195,143173.3110224494
1770,243166.90962557722
5363,397495.8102902621
11360,268512.5383110714
13034,324789.38751821395
6542,159015.0652388141
15870,227382.27854996745
217,261067.42253455543
6490,266481.1378979869
6692,326977.4431365909
2235,162949.02562660316
16732,262844.35782792466
11499,192933.90153208465
12617,192607.83336170288
9060,267639.7293497658
12017,152114.48406675784
16750,177076.42986087894
12230,164617.86811972733
2158,171985.40065819572
15184,134773.76285008938
2981,187292.440141393
10281,197958.19920255317
16596,186122.93202044716
6976,409368.140495433
14680,164395.3892868571
10618,184385.81092338637
271,237348.72707563802
10817,205105.63082738494
1823,408126.7298971852
9549,133208.75229921553
1201,157987.24773693827
2112,207245.9466348108
2951,179788.33964653214
7183,186371.54231422278
11404,132460.3577014064
5473,280546.9562316502
9232,253901.19749361245
3033,330850.46487982036
11002,167544.74340258515
8299,231343.26967729384
15417,196333.04076863627
15612,260940.54429321422
6168,186314.18271300188
13751,182935.49119138767
764,169738.47325675428
12833,81964.73916313626
2009,68463.32137248653
1005,349194.05987284495
10740,178655.09016367077
15323,248896.6379317733
9884,118157.72390829884
6185,283963.30513088894
2311,165287.5082938516
7538,368571.4677872403
6256,205539.75848788497
619,402090.7003016084
1968,149310.8093421928
10168,120756.73472698052
10762,212976.3250368851
12392,157825.15073574486
8877,310674.59172018676
2441,215482.93198653852
4974,193525.22414635413
12450,200763.64335550182
15837,210664.2152149418
5260,265415.2751127066
6591,179650.93696769018
11688,271562.837318892
9940,179989.87805695637
12070,182552.84799133294
12876,128542.78303608224
6858,204415.59211527611
2385,218393.8144328173
3596,190921.84022189758
13540,137412.97810240422
2077,137132.9792008364
5654,331292.872261351
14029,207362.18390348039
16140,111555.80850151756
13303,513062.21590326546
7289,151714.0600722209
15226,160674.11291082707
3330,180176.50956538884
15642,283497.0168849464
16217,393857.8599256495
7330,203278.2564602298
3894,118672.37546826809
6719,193054.18947546397
13013,165849.34394996602
15835,182403.15301671592
10873,367410.79921492795
16379,269111.7832187626
10771,252103.9008171282
13943,166020.03262904473
5139,244599.77875846883
5309,194474.48908472148
14227,410541.30473667046
16292,202452.82181021638
14968,209010.40534269885
13277,209910.00126051012
1731,91978.49741635866
7286,140188.62688073993
7455,187366.71320009974
3250,191261.69098407956
1659,195869.07372947474
15806,298972.5939021165
7491,234320.89208466132
1990,225381.5999009116
7769,337001.5769769253
9694,235746.10109832534
11961,213388.4133495761
4669,213401.3353243266
13826,348658.99069173663
1691,237105.03186676992
3986,130347.09413797625
1407,179537.12666522694
5517,171369.95305541137
8432,173630.93709606637
2214,187080.2872056869
10449,177727.54251024837
2941,191546.7496486312
5944,182850.6494752498
1555,248417.1025534154
6105,165648.8734246327
4453,238425.44728602422
5892,244077.0299120379
5000,284112.5537344039
12995,183688.03966033764
8905,203385.36096085294
11440,149078.30148229346
419,233624.73171577323
4712,137845.71558675915
2094,159223.216132113
4567,166611.1868426762
10717,176681.06685720704
1248,365900.48515589716
12405,182226.31224821683
8331,412792.6815821143
3113,165839.50626557303
6926,284801.34177328367
6777,361005.2517999151
4060,175567.44585046245
11547,238782.16810599703
15199,142638.22110312548
9282,185980.9226748092
16123,279480.06152029574
14094,183480.69011513545
8770,287327.57345926575
1054,351854.9826360764
11363,202230.4467855558
8756,120708.2454768866
4800,159394.80526815195
7620,91274.25004497482
9101,169740.66547485263
13954,232920.08377645235
13600,405803.1447140553
2893,229931.1636869256
763,225120.4033414631
5347,181362.7536234953
12096,100860.1219604146
16333,212016.07224277055
16432,325774.08375593036
3513,108458.34097955226
13494,206894.8821018144
8690,222216.04441590674
7266,167335.17386722608
3472,171553.82142073486
7021,203211.97707393204
12952,224669.73561559993
2774,223414.45078762987
607,209965.7372201556
6897,208262.05903641813
8220,230507.83191003697
8071,171165.29334221617
7091,278724.5698509897
1805,339544.3322063439
3594,203869.9113747414
13103,236370.24289451473
2203,147153.15120459037
12622,173641.91712623287
13270,212169.82635836396
9461,113060.50188669824
7759,127240.6413807521
4256,205147.6416123598
9093,191240.57280266655
6033,277949.1049908581
7734,191503.43183324137
12368,417476.61079027195
11740,238260.2934887363
9907,151299.81186035968
12398,292338.82782064896
6290,223492.263936095
2882,240919.90940547135
5091,197084.62821167434
7228,246995.3326114348
5953,315042.1412621982
5707,376895.2014689169
10159,193172.45248101337
7813,215169.4913591798
6463,172174.93263412395
7264,167907.5090083102
5405,182065.01253727442
7543,185456.04648518664
13702,239012.8883397742
5538,206426.30559992397
6762,111423.68720577215
9416,190246.63131497882
10415,347696.0933618562
2139,274952.1831711422
13151,151203.38717572024
10301,203996.70298350893
13273,225925.7345045687
7609,132591.1722372371
4884,167959.10672874685
3438,250764.81417295805
2215,188315.39152737465
1723,139463.1164615099
2340,233714.19222415844
3950,333341.71741737414
7312,221782.1372119933
3602,370823.2476713982
12053,145629.79899664008
16240,182942.24615303724
8301,201708.5469977003
14068,192226.76942430783
6216,373291.60051857063
12910,220076.9637663973
7656,403331.0197115097
7854,208301.47036432035
14636,177077.08002268258
12267,270786.6275340425
11334,436621.9840440684
9326,290401.5971437948
5935,180389.55889314268
16132,144934.50870722142
8318,144226.24910424542
5009,174433.98955917679
3883,221098.27833011502
7565,165963.34106304796
7960,129971.7651901257
16736,188319.04366633974
15284,175161.71219273162
4301,229872.12107564954
4273,406093.3735976028
8436,170717.87197374253
2113,358776.182548595
8469,274950.87184622185
648,211964.82053834715
7526,236406.0550447441
9656,196405.1244031197
516,155799.72776299814
6849,448369.3164185635
7013,210381.82047729948
13741,415352.62054053525
13281,188445.95073690038
12374,276616.3401507164
11855,473065.7264189274
2759,123905.40251659791
6759,113000.4912323743
1667,149269.47359767914
5138,310972.0830196543
2452,162100.03001817132
13027,120294.58444226069
2493,134726.22670979385
9899,140110.9168988081
8151,205833.20190149476
5349,141384.12565392087
3926,274505.47865862085
6394,305565.2791259162
11720,182626.41794304762
578,181771.58023273086
4001,172629.72645056716
13504,200336.25838345953
14836,362907.2632037223
1741,165183.68261216697
1278,178154.5286275795
11890,206312.19522870192
1803,199430.20585460734
11418,204073.3687268164
13693,201039.8827511938
7321,215368.93361162097
12575,168886.61593191442
6966,217136.61131686546
16613,172855.83239084284
3148,458261.2552841407
8920,163036.65425935012
13984,414246.6641246014
802,256023.62121018648
13893,171377.67287718522
2495,159724.74654215664
1695,161351.40591617228
14995,320862.3875978043
10890,254747.6425709732
5282,287356.91859117255
13487,218831.69863036048
16615,345984.35713643313
4545,374347.0732057332
14032,137740.2176577011
15707,272339.84569838387
13931,191385.86872230849
946,171548.3481343897
11500,560556.7963552389
10220,135013.11756679416
2604,204209.39838764785
10761,374039.0475322184
10982,288244.62925570854
11729,206832.7604576202
8152,126603.23606504887
5323,172444.099004173
9448,163533.94575035744
14935,141139.50985576608
385,290601.39907945174
7039,309470.858665683
9366,180369.66618622333
15823,246407.89437128496
8993,194530.57627916677
1282,163859.84062259528
437,175385.20233141133
11011,137808.9639526402
10104,174802.24739638873
16321,152493.35146594752
11188,249170.4551769501
14291,161474.17482780648
7781,175077.95359374757
1203,214987.5536401464
3731,238421.66719433575
9037,355321.02863697405
12937,131020.53653261425
5196,203927.5171560547
1746,177535.086585102
6345,115831.36627596585
7950,294650.7788555493
11552,190303.199341416
11950,100374.82804171642
4805,361014.9037751538
9152,319744.66067803453
555,322568.8480549868
6765,130038.56278495239
8515,315735.3043925817
13915,190227.17931284462
16036,167844.66424585425
16625,184365.69794965547
11870,283177.45167184056
3304,140286.35665535092
9636,248137.89798535686
5232,445002.3103520309
8878,205316.3215184046
2756,196270.80934412108
5140,133746.34451748474
375,178605.8542393899
7149,231300.56389707793
16353,286859.8136197395
15742,186054.5796179658
5957,175494.23441791662
12580,185830.6119419923
10409,248970.33117260353
13766,181249.9273153693
7778,203620.2593969492
9028,205210.79081949903
14213,187080.16318342419
12691,213492.21822539045
1658,158910.4779618529
15352,239673.28914582852
10670,204276.00120088473
14260,190665.48414942547
8870,192723.66801510705
12054,161680.4102932794
9386,320487.24365004245
14378,334746.102326298
2080,175620.44807279005
12729,234551.68810742427
932,126450.40658261368
3149,213854.17276503588
245,221816.47872488358
6334,170553.99482481476
11684,333816.1038873689
5099,126874.56203006725
1828,133712.7702637876
13464,189225.21262303705
4023,273014.0243116817
6563,147758.4979808008
13207,187591.07268063724
14075,540555.2576516788
5722,191332.29567725744
2308,259111.12434156
8169,257954.0072941345
3341,262234.20149621804
7693,73258.34386807278
2549,260165.0221770921
11576,351526.44654709194
8010,241437.2202786078
605,221443.84041844966
1580,250376.97100682603
1588,349284.5331777664
15197,178235.26778796877
190,191340.6366728068
12488,119102.56333525712
12254,221834.67312239372
3991,191857.9623296264
5076,213621.79383554397
3214,135139.40475876056
2348,219856.61775686327
13573,196242.6023883668
14296,173290.40933906502
4207,236182.27174327167
6529,214530.729574006
16043,162416.0610033566
2508,197494.23751500162
12297,173080.54606681154
10012,207608.75842044433
1874,154131.56220867124
8451,191730.86569218198
16108,211736.20427007624
7200,401430.30889488675
859,439953.1489652222
8415,261902.08279261392
1649,65855.40063004286
6269,370017.64427937067
8350,187169.534713218
10978,203193.2448862942
16751,169811.14693767962
10133,121255.89259825517
11908,189520.07371875172
15627,132461.52343972801
14923,86971.73870826098
3669,377400.9109575391
8316,127506.30804710936
5702,319248.26115759986
3480,190850.93676922855
11965,194006.45117425168
5869,104744.60596640833
11147,318413.7931240007
6505,177239.46752450668
13797,328683.0323223824
14915,189916.79534665355
8221,182093.3711121473
5873,159715.27303026489
13900,219707.76627643095
13804,268638.5681281043
994,174882.05081891402
2118,192524.94912839288
15158,227315.76251415888
9898,111973.54052055252
3509,495760.04028082173
10228,98463.93276920868
12409,386640.34123670566
9260,221540.57674554206
11462,170404.96059267488
3265,212171.36143502826
54,237826.76819072966
9316,306442.9071835421
16208,271324.0268814231
16582,184813.67817893275
6338,228573.74368664747
699,190026.60287385955
3396,144807.72435656283
13995,183230.93050916845
8971,125350.35968708912
6068,237442.1461482552
7020,177755.33076605876
14015,180954.62068441667
4172,229469.0008298024
12959,446325.93088187906
5659,215461.86770648137
14766,129126.17201135085
14402,188056.87145646266
6611,158161.38928438965
3213,294121.1184050793
13306,179926.15205901954
5966,214991.34227764525
3685,375545.3730038271
10994,214928.76415162938
13564,208565.09568299766
6507,199132.07236023506
3196,269880.38420229487
1771,146227.23021907278
13367,364936.1851215465
1529,121810.67722917903
11128,167049.6629729541
11948,245568.6024372456
3798,101201.17529823925
11443,185095.36181987007
15581,160624.96479291015
15056,238960.47049669514
5114,364355.6300161487
12195,188119.70459799079
2044,281960.105191407
13169,95226.49117023175
15180,362215.56135278055
15543,149041.99248023648
3770,144633.2965579796
772,300843.52587358584
990,168480.49758404004
5567,214353.34226837615
10805,283488.04269080306
3951,248264.887286067
9484,183471.27022944207
3867,303205.2908626559
15605,211920.54318375097
3805,251765.63309233877
7254,280929.1293545974
2179,218932.1247770818
12745,200601.25953445002
16545,251786.5205682836
7310,216264.95692838705
8539,169008.45175727233
222,182947.69381856837
14084,331881.94023740804
15453,143258.8810960337
12318,243911.0078626819
7368,350688.98594425735
4027,235673.70965019384
4106,137766.76324341598
506,183204.16623734657
1995,196327.59107002578
7165,223108.43868402843
12615,169603.41975358658
16792,166200.08921238888
221,274295.6553104928
9710,142496.59449102552
4364,152525.95852053957
3379,316929.8374369893
8954,209780.77327895182
16630,174443.79871570878
9624,349761.60220468766
6967,274896.4505258242
8070,200993.09711027428
933,199975.88245213573
8155,249308.66839896503
6771,160131.99080674205
16477,167547.9657702442
675,208332.3140460628
7201,184057.2822017129
8254,166776.19871512777
11325,191166.63404599013
14018,145043.14811865852
5190,387638.92542764684
5505,127617.47687584438
2886,228190.46166370422
6941,87136.59432710912
2668,172442.05120697845
13831,180584.47384931013
11036,265769.2860238443
13691,100913.94058074671
2007,224775.85959099303
6442,149457.6644424482
10010,219167.0591076576
3259,240593.76066690497
14013,182695.67750202573
2261,502516.74542517436
4110,175321.74322302552
13293,121347.16323684632
14931,220892.11495819467
12293,146640.3868927857
16398,257329.30143921688
7132,174441.02104996875
2780,186049.73245881934
5700,225502.90870644222
8186,175751.31500509966
7031,123374.0656209988
11269,444456.8852202167
632,136796.35975953762
6330,329996.69780754636
10905,184266.40975243383
6313,205752.7442844055
13396,181506.83731536672
13414,192215.5590963164
4270,153638.5124252367
926,143848.33061291042
11452,74583.79177281458
16228,463666.51698202745
1781,211352.4246014704
16492,205234.09561875014
14594,193772.51868296837
4485,186282.76040475594
8306,255054.94016161095
2071,187217.25256927498
9895,203236.24865400553
10544,207401.01657047187
11253,398794.10679113097
15213,337679.9603616672
2990,146308.95098787663
4518,287869.9338793357
2766,163808.42047338572
3275,248133.175232835
14971,175478.40998305863
14863,125748.51582252189
1352,202718.42434537556
3423,179475.48161936272
13021,262552.52157851966
10489,141117.10824142615
12055,217986.74731929228
13089,62133.59232152812
16275,233119.6535330053
4272,159396.22698335155
3204,204210.33670243016
863,344269.280314181
3289,127134.97491425817
9557,244187.49964967353
14381,230331.62507589502
15208,434286.57662809116
8030,218182.20084066875
8080,135473.70502372104
9876,235081.03208592208
5571,262779.6060054413
5439,208167.14966143563
10689,178512.59421379052
9919,187804.8220749643
7348,277266.03134704754
11686,250060.19223587896
16643,339056.6149900666
164,111835.50066755172
15912,272389.32279709255
14237,199830.32828762496
7965,238864.6564798829
9778,126647.74982036355
14321,142791.54775249754
10617,183874.6703949524
12007,158359.50941888004
1415,106987.11399780317
12912,239792.19661535218
12062,281493.1707229423
7762,204890.420450834
4381,442241.6338852099
7986,163348.06189512732
10647,252092.4602780519
13452,192440.0308246198
230,260152.34510271216
9285,228966.05283471287
4221,411930.7009826178
16384,168113.77574184223
14645,232326.16769311327
778,194225.46468367334
6633,213013.04960046033
15137,120653.17945290315
62,181737.28952615542
10606,397270.34099689056
7791,108929.17573438394
4161,173018.164579354
5553,252311.2892868489
9433,78928.19053116499
7363,240407.25692601418
10162,204435.04765788044
9568,230631.65862776723
9901,214260.84142009143
8047,148753.0752697629
12954,145856.8761887984
12479,180571.81646629923
3357,392496.61119608604
15088,176463.32071783117
163,246706.28921745022
988,213858.65074684555
5877,291244.9486746346
1683,221031.31334885984
5206,190427.94783935626
11155,178875.5251186437
15339,177778.83856372364
1590,206142.57008014308
11100,175283.1419493701
11216,183449.9813402146
1624,222130.8944488405
6113,233735.21585110057
2181,299815.17466879264
1023,267811.5945890961
8673,135139.73046543595
1646,276589.49792461266
11608,106172.67228345278
5988,172294.57563335
14354,245423.64796544262
6369,113736.91741291647
15936,212325.08338971037
13240,356059.09052773163
3481,155186.03037993348
3479,254462.75871366932
1698,333823.9008730486
13154,235712.18096246585
7802,170517.70563166402
9702,180105.17126813694
12895,426155.0181851352
5728,165105.22821507865
10793,250386.0508475399
13529,185351.73634087408
746,189633.06365443484
2610,167367.92557531194
10932,175644.8088848723
15350,280017.8768002471
15692,167864.01034892828
5484,196119.69453297526
15608,198970.10486498754
5253,293072.2032972534
1686,283401.3946224673
10624,417156.6700735954
267,145687.50069972526
3295,314706.71751535503
9481,319443.91466640594
732,193292.18183861717
10022,371276.87280484976
6135,300317.48743470607
7224,250317.1028153934
14887,230574.88883448605
7382,215278.22135667023
3242,130322.74266902608
3106,198985.65556148769
14678,190008.63322893568
6626,225425.86296133755
6576,220626.5944984214
9008,210173.05352601243
2931,284560.1023640782
10023,186994.20486429663
14964,147887.76113503118
796,243259.87821290793
5169,112114.6685278893
1814,140500.5667580585
7372,211917.1912765781
13672,172593.72094477818
4124,200237.84064206792
1095,157254.18747024983
15950,90676.0634947195
817,459317.9794032136
15779,128296.82933980563
11506,226186.4315804291
8689,336214.5951322656
10077,242661.96066432988
10514,211016.05461608747
2198,583863.2789866789
8005,182912.38307608874
625,295980.8527062324
9420,168563.84235183106
10350,203641.47081367427
14494,176620.08788705885
11615,296541.54382831394
93,324955.5675961008
950,228448.93896757838
3325,166291.54909780275
14459,140204.49157564755
16531,241566.70770190208
11228,225827.018519384
11761,213617.60491304036
12629,214045.17793335917
10339,240738.5530594034
12203,126012.10546244058
16744,248596.27204221996
2786,194563.29322411295
316,123645.78738422516
11424,216550.22287000503
8021,132580.10177518337
12679,386020.30213533033
1871,163844.45215390116
5767,219754.60144956456
4047,264169.2308681319
16235,237813.37832740304
10604,225999.33663852798
1510,245807.8742820099
854,155316.82344277413
1860,192880.34271737788
1593,176845.35207149136
381,183403.8552147211
10375,181783.1038631229
15149,233550.2395642794
11375,187289.74026144124
3912,144862.2912234031
12097,366928.92106743157
16743,248901.21990885684
146,261252.92236203543
5308,121578.4367157226
4125,164412.21888994143
7671,377623.42718121666
12609,104598.8807162228
4353,175530.3772198955
6287,184034.93616168466
2264,313135.4336136009
3457,164522.827986948
12935,134773.02488982075
8958,178101.3722610734
4532,174539.57105994254
14857,188199.9922911222
11376,211142.07087702438
13713,220668.89593939192
181,232831.65163538005
10858,127767.90682003992
5160,188159.79910652616
6642,187357.12825254817
9312,468378.7556417743
7736,206766.88415874555
4326,237528.5039613301
1802,158530.99574839082
16115,180893.80292205763
16787,313084.80441862665
7107,159020.72869043722
6902,142915.56132866372
8950,329325.04724607954
9922,183622.50265005985
11453,262524.1212903175
10033,185479.60794165882
12131,381961.67631561274
11879,293734.5199204264
8986,146549.64910497508
82,176709.9632277355
7664,182580.94199803972
11116,267720.3873464064
14096,159135.13315909414
11577,222109.8688476819
1908,178868.68927813772
3658,182753.92929586294
6148,178898.8679661518
1324,196538.4178284115
8792,248173.6324082084
5883,371314.66857203306
15245,305572.88236631325
16382,136003.6393682612
2131,209342.77646975248
7581,272076.7302258541
11488,382428.84926105035
6091,253235.0147668747
7295,199665.59765320586
6427,176182.41802385353
4558,79647.56681018442
14436,195241.94469555575
8373,233589.83140626393
917,318827.5003017083
9837,416187.042982557
5619,140415.5679172004
4530,133756.29175212956
11486,191934.83878600452
8575,167467.36650470956
3540,357839.9595184979
4509,296833.61465571215
4709,156640.04118680986
10148,234324.89941853876
11077,205731.4636755672
609,149677.68563406542
14733,198040.1950824334
10609,151414.20217154073
3616,153949.6716296518
8805,234393.91918029502
13799,209737.47370549536
5886,275227.4436042598
15836,135859.67904133542
11792,122305.15453986633
9404,263564.6889611758
6456,176574.66219963902
2569,127082.52145680987
16727,228520.11342106422
12353,182857.8640262954
9841,227540.57869359592
2725,216865.40854211224
3388,233865.56939069912
9476,182980.9793297872
13550,108760.31128301656
11934,246758.74290062208
3375,172823.71999798086
2932,283427.22495075356
9972,214317.65585352236
876,170715.92608691019
13649,213074.6397276607
13444,333904.20567402476
12748,248175.716984465
2003,184997.79451528974
2376,239854.91679545192
15961,192565.26078116096
1221,249385.0895981022
7064,246625.02701725523
7799,150603.02634452615
4549,468932.7929465001
11061,176157.91999109194
2132,434043.5686946679
10692,167192.62954735258
14546,345131.7817112262
11088,187036.55921634514
4819,270364.8947754289
13682,141824.41825970222
7127,441065.76008798945
6245,159490.64067194916
10845,158586.8659268572
3285,130032.14723296104
11384,201084.8242244358
10897,187525.32426013044
8533,117117.43102677591
15341,242245.6004242727
3821,162676.76742723
14130,162229.9679328288
4306,392294.1337738245
113,174178.2489156635
14997,183012.07819256265
1482,181900.2049585504
14780,389321.09621015773
997,232336.67204560558
7991,178320.86123877467
15592,175360.08698269032
11143,211542.09268275404
12472,165855.51453401064
13991,315014.45630494755
13399,357297.1305687326
2588,327605.0888257703
14274,349490.48175187176
11491,357382.98722430115
4755,178745.80308770968
7939,144075.60670373554
1779,167670.24141531182
11924,165877.66961020065
12713,216062.2085411045
12486,375282.7109149571
13149,260370.09398414762
4847,221781.9776176128
7638,344325.78937207913
15228,306404.2095148599
10069,213742.19185129824
2219,328761.52754117356
956,234055.98192214032
13680,128094.15910349581
106,192262.02778320975
13101,106566.51862770076
7540,282304.32883134345
16138,378765.8511577888
4890,304674.0788411895
13752,257094.54057985643
14622,184690.97850151017
7871,182691.19363669603
3957,237536.02398498764
9987,234866.71349554043
8884,172198.1020533613
11715,273772.29897176486
10612,188420.86557270013
12945,195113.74674698527
5034,195345.84255682127
4463,356563.3436164678
3476,194837.04502812895
4846,267423.3216222596
2372,203180.0545989778
2873,209221.4273513019
512,202627.21237322706
16198,204973.36678894848
9155,427736.95813377074
16464,103098.51376169706
6904,180352.85783305444
3151,187191.76227108238
1816,165903.7211265704
16214,235420.25729076078
6264,325741.5318339853
254,190040.5075937044
5848,142663.97121844738
4357,167580.51368209245
14265,147944.00223030377
12235,170145.90690399634
11342,115361.7373934259
6679,236474.1582891887
5377,215114.6573520001
7636,156076.2648836193
12798,162389.79598074465
16349,215249.41985394552
3028,139379.15920147818
12810,345497.9586054892
15064,152971.87253156325
13801,111193.70343737378
13387,244041.9950258772
371,207128.66654450534
1161,126214.05413424525
14593,148853.39188814405
12144,186699.82381847358
5555,420200.4228264815
13493,162197.06841012416
11130,262594.05431311595
8658,134329.94201214146
6491,213019.12178985652
303,196368.24537052534
1897,202926.5352644461
9583,105849.90527369783
4515,152039.09570525464
1411,173209.84512145544
8534,94632.26139777899
7227,205566.93479684947
13478,152584.43763081028
7546,314182.4693527871
2798,94943.42139609742
10267,425997.94228026946
4519,135859.43033096328
12184,208228.5679070438
1895,329585.3705019398
13019,384441.72904859984
8845,326541.26999849523
1929,249845.33221110565
1966,143401.0441480233
5268,84563.97009156297
11402,139927.7984998292
13503,188648.5205015213
14413,171085.73257535568
15419,140851.3636807787
11573,140409.94705127884
270,158176.88841023963
9733,180675.66234012286
2729,210144.5428732099
10123,242079.6002108857
9331,205834.6264629318
4342,140826.52231319246
4248,290731.64572631987
446,212014.08453778026
6677,201739.37260395844
8324,236346.1297943041
9666,440355.8198454629
7303,164060.77790905724
2710,342862.18735655444
3334,171870.93289320375
11464,335729.9505286495
12220,300695.4745880349
14064,198311.6890790715
14350,186519.16245517248
2858,257941.46336021464
13014,353216.64251110866
13732,178458.69392581715
3371,337870.96351705503
5912,243920.03628408347
5881,182706.30818539203
6199,305431.3650002354
7344,191304.16755731823
6180,191746.71732076755
3343,243656.1186030694
12103,179682.07747774007
5177,156345.97667107783
7000,194641.7114205834
3990,188812.97129656002
11689,127865.5165164517
5624,179852.5337070219
7497,95293.20253221467
618,146709.68077530782
6909,204070.9415813187
3346,146845.56257281444
12521,170707.07995395578
11871,362239.27456238127
10610,184994.91648085325
14869,157781.20760215222
2268,118830.91261221102
12058,147149.20064865288
12426,190459.14869879678
10662,135732.76195290318
12512,112786.71006686044
14852,209214.47419052868
10876,144934.21789348716
7720,176583.98267732922
4334,73888.18112118557
12275,324094.6245903969
12228,552879.6577548194
3715,208445.53588735114
9534,240851.40094588188
2333,160726.6616487996
15628,146038.62771179958
5043,184214.61259608847
16704,420779.75694330275
2891,209094.81795714088
14478,172206.31851746194
4429,172015.8252597644
5929,142712.17105181725
1845,151427.49615318511
3001,153229.4747024368
6741,146304.9569872248
2202,153983.31540713855
15490,187043.02592446207
3752,215131.87090246187
4620,218807.61648981372
12795,196371.09007867926
2662,106912.55338388552
12845,193394.94549329195
5604,268443.4266015447
4861,172822.36387911002
8100,262037.13736414863
15990,224083.36202323885
6561,149897.33272377806
14107,127256.29902894117
6274,120164.09204873581
4428,120117.79859125626
3184,201656.3306982505
9247,255392.71996190198
15016,190358.01459660707
6009,205899.51971964317
3190,186997.08720606676
3386,161206.74928882226
11984,182153.46594194218
16215,167823.43258018227
5506,250755.9515861154
10016,193279.2844155861
15394,280944.0931751731
15724,295176.8408291883
9409,149119.6155687512
12634,177629.4564977314
14316,145108.6952201756
8675,165140.4683168074
15231,172364.44066713672
3236,167859.3569970543
10087,222722.7233236495
5018,165463.82003821403
2728,143663.22993547108
8092,189277.33397362666
10698,213724.76176112285
5859,165146.6215185249
4198,97252.07277049472
861,180447.78965739842
7990,335194.3729708283
4009,199231.81108966956
10964,140369.28182275442
2114,275425.0482370396
1139,190938.5724359892
13921,199086.22559345225
15030,114503.10531865404
2122,130184.00280036501
1602,250136.26459519353
15032,449594.0332864743
5694,112764.87461958511
14026,195002.32649050516
1132,181386.38815375738
15469,322957.3155012133
10223,182313.48993939802
3303,271703.49759107217
12655,279163.6663159474
16151,139227.44493024377
14649,166938.65673021416
9533,165518.1882901841
2229,153816.4034825833
7652,322200.4082893621
14523,203538.635095588
12991,194950.63633078977
4539,164092.34808918496
395,151431.55936793424
4853,265626.1427586007
12082,168751.41458473555
1406,252377.10130011273
7788,192180.22253114713
2143,143478.42818112433
11089,126490.20436045266
16693,157723.99970789158
14701,144327.0660504491
13689,185067.96260930135
4262,211891.73536557626
1046,195740.98053994108
12001,311628.9077224488
10729,207886.47824523613
11822,273028.0530124112
9132,287603.0054998367
14150,213418.64421186972
15217,169588.40970466647
4752,179534.74574588993
5875,163251.92717416587
7873,251080.35497047275
16046,149733.25951570316
321,234955.19590244337
15077,241161.47418016547
9148,258865.48429701535
10272,259382.82338411082
9490,169699.43469725002
5856,199809.8050267445
2436,157113.58585560165
526,205279.76283724225
9067,150973.32960854363
1166,339786.1895273144
13029,199869.625899974
8264,332868.50782491633
13499,289847.55611331627
14681,240306.84407114447
10625,338061.1084752067
13668,239980.6190540344
4126,234940.99851629336
1527,167447.00947931653
12829,208286.12559034798
6074,125908.58099424854
16629,187096.88167593942
3231,326982.60976136266
6218,143091.40394709774
15050,225319.03781957514
16053,425971.9234280088
16745,146253.46061555977
11336,71849.71840808369
1318,153379.32137143062
7424,138894.49702225957
8102,167136.87595410267
5468,204700.88005733222
9942,363774.6927225108
1001,178472.7909236403
6010,294883.94598753157
7766,197026.51164232442
10266,161305.2893661192
3139,373362.9146619983
4759,193451.4733315189
6760,199192.50106784483
5682,252295.87887441766
1648,247507.5222405308
10363,172970.47387913553
7551,146875.96946848993
12901,149942.48713204786
7938,231453.05222623306
15709,450087.39376807126
9663,206276.68697840688
14868,207979.9711416437
7617,315625.71938323264
5755,402154.51621937205
11519,450221.5381411945
6954,163875.6322104345
7463,331552.7965949988
138,222963.31154094348
1499,220831.9352887472
14579,159751.72700279317
30,167502.66235597333
6991,238292.1575200843
16283,149562.00608113976
15305,436708.9514791979
12736,286865.98047261254
1506,391577.0380237146
4302,153678.54277505673
8170,221626.93470666802
14230,197226.23758899956
14438,279675.4844265854
15974,160835.04509206538
3263,188609.32183071156
11227,170800.90252838083
9355,132839.7352913318
326,176665.87903152918
13155,153730.1374593133
13238,334773.2986477355
2785,300281.85604127543
7047,193541.41597729275
4222,240478.11223622528
14734,95404.90616439
4224,120411.59451999399
11259,141636.12236083415
6174,131918.40996103536
14057,172159.97759480038
5181,160703.54522666242
5926,235966.38069225225
193,203675.25725343972
12528,152184.26108811153
5128,326094.986636823
13462,230856.2453743156
5845,159821.3523185065
6872,246651.55021211802
8821,234044.59891490513
5106,165863.39832085004
8164,285509.0113038815
5679,225546.01964676176
2985,167443.61672565588
2106,200864.6768733386
12494,351171.52515105286
15150,155165.03589450713
187,194477.39409242058
15095,210651.0225627004
15289,159803.04013840112
497,172444.38667659595
10048,137077.3108055016
15012,137106.56176176408
11229,177909.5863571246
15927,185394.58479280444
12092,148928.13247533212
11174,226189.0685245962
13967,180535.9652195602
6693,204911.27992615342
92,287477.2367663926
13961,135494.6875386063
16220,395982.8928273111
13333,221503.90218209397
7730,153087.28445130333
15250,134565.28902304213
16392,205860.18848413334
14544,183473.5038515722
7261,211275.33658001287
16105,224840.45637527513
2984,145031.55111955153
3162,230170.71205597027
2260,173936.65694632402
7004,373040.5603647863
452,182223.54514327156
7828,280238.70919716236
626,203061.89578633636
4583,266440.7795282133
3725,119259.00487912812
5894,218715.09673101432
3316,188846.87888861733
6887,172622.38579976853
2492,280261.147377791
9133,206228.2195555262
15655,287937.15298994276
12639,209151.58170744503
3848,112079.79787092596
11820,201057.2962172165
15254,201678.46709190286
10750,102478.70259623598
1156,315096.3962522857
2910,160171.24202277558
8591,261657.80287656502
14247,227487.24741927703
1425,164412.66278964494
16660,153327.14915586717
1837,203703.40483831082
6461,196658.29152488348
2580,179158.9506626577
1052,144379.07055347887
577,244057.39267963206
2825,281194.2505642433
2746,417734.5278775218
2291,378548.18694695295
10962,263819.99106695974
8547,201614.66116757097
10019,184315.75638715437
756,327950.4229331215
1709,341054.65040101646
9076,279178.4707678506
3211,174651.0817083423
2535,148316.33791162915
10943,277226.699064439
4830,158116.4623948534
9928,144254.487768044
16143,215218.0815158907
16784,203149.7277462633
16434,217017.57235724962
436,163472.09889279338
1226,293689.2202072206
1259,371146.54490199627
15299,130337.59140489621
4343,155758.95562626154
14661,173165.15090535503
1988,197664.64857519875
10173,170568.12342447691
11746,188213.76160153808
8412,165856.50110335578
9281,143307.692420305
6246,193092.94369446376
5440,177465.4997459097
15301,206405.3443685039
1223,201871.15308651145
2714,287561.28717469424
3077,93587.7915905393
5549,202280.93847745837
16626,272010.7725371039
382,152835.4662203807
5635,64587.44272125789
186,231235.28823563224
4839,128660.32097117188
433,246544.55637011403
7210,137667.24417302187
15243,285027.0001109274
9993,220879.28621482683
7529,115463.68893754779
14506,135764.53130850627
5807,193391.19507734873
2373,232284.723134854
13618,89290.62032459682
9908,179442.08838455437
5404,199046.50375704182
11023,167047.5650706626
9678,186285.09147926347
6160,227872.61413177795
4181,145249.7107693133
4230,178666.88807092575
13858,167456.21715146935
15871,308153.00370415143
7564,388942.98188928334
14463,448577.70026713726
15115,235505.63218980096
7533,139306.66043491653
9862,169644.04106186892
5708,325692.72514014924
272,205261.17910448508
4612,222921.92960189693
13336,181222.35819338728
13944,182010.79893996514
3517,244062.50811414485
422,292421.9878774191
12769,149549.91478283083
16079,275648.1518518285
4398,208679.99135677348
8250,131194.56624494548
8900,196572.57928860397
10819,214759.35383846553
10551,164295.00261395145
3418,320778.61163810705
3889,160534.5413508603
1186,194154.4129544787
15227,386623.688432941
13432,406626.1401916611
10654,342692.17361019144
7306,168522.64455057407
16325,267376.48091458675
7510,261066.2035413681
7237,130252.52381262035
11812,389935.5445667878
7823,198553.95218274184
10691,249750.94804401818
12699,75554.40916899525
914,202704.35675874422
12160,206851.78973710228
4600,239652.8678412871
5649,148891.51990403456
4896,190404.283092994
800,231334.43856600267
10111,184493.38925564487
3690,197114.1285957723
10150,321128.30308732454
8099,144054.11245249497
9526,193321.1666571795
7301,392919.2908141769
655,104761.74140857974
6187,383014.02585255494
839,202085.7677903685
10505,157716.6909840229
3830,111909.91505046382
11301,153763.80591417768
11895,177577.46747853843
3102,119368.02519043055
12351,123627.99003778202
15378,495651.93597961264
9593,288560.53248416504
5302,147566.3622419057
7585,395561.68610732286
6785,200067.25295030273
3611,225188.0220654717
15888,157100.3892544062
13152,221823.00534909303
6208,199128.5811159671
13734,149415.78946762503
9212,313894.62982448563
6098,240579.47125270884
12314,221627.5643844065
8848,208365.41803676932
8951,162808.76833562608
13572,178793.94365728227
15907,271356.13853898656
12325,225425.86296133755
14000,315936.71964012546
9515,172801.1416134651
4514,274835.95450207364
11968,405860.46028016816
12452,212055.5553043952
2163,262284.22817337967
14538,175244.49132847576
11324,181674.02535420758
10441,168824.57015253682
1952,177757.9660078407
11680,169402.37955854065
16190,283953.7452025784
7649,278185.7909542216
5839,126868.52994936368
4659,169869.90668197416
2273,392037.8225269103
1829,140606.3564021701
3776,253798.75807829975
6607,147730.51234536016
10395,139272.30770869425
10667,345098.7555456467
10950,220824.3945305597
6339,168627.92707506835
12038,290503.9944664851
16128,183326.45573925157
9406,301193.67048152466
13386,183191.38217028722
13063,201197.3055080356
7319,138164.23622299044
11475,147918.75739110447
4109,164021.5846017338
466,169347.90656398083
7169,132325.67747506461
450,170057.9446687109
509,287664.68376751145
14114,236079.29732693554
10865,162075.81154930269
3497,198314.73789451958
9089,209777.3453873745
13675,198082.2813288698
6672,214496.64234086263
5464,240575.1987904417
16267,181235.0459587875
6372,405451.0400953845
4499,220299.15432975325
16547,189226.84973667708
11454,316944.9671106292
16645,415968.18860924244
9569,200708.98850532164
3279,269501.67830981646
12042,254232.70238708897
2547,186889.60712172385
16013,253506.91770063975
12929,198807.10908690098
12343,240550.53303771268
10359,200138.24031865833
12543,186557.03079217393
14928,484823.4997262003
11319,234328.75749008034
14724,214287.3915292684
2850,198800.55049808763
10775,323530.46178231697
8462,184994.21534515527
4724,226506.2106169773
6723,189318.35696232223
14180,252033.5164689698
5593,390604.24323988473
9151,387242.2830432388
8697,444256.9834436249
10758,494184.78996681917
4276,225208.41099082393
13655,300075.0549756192
13674,233769.2015264305
10057,135360.11456581016
10732,169507.8300860722
160,174380.01070710504
7451,190345.70416215336
3512,347962.1764607652
3925,162878.30521573543
14897,138929.64897065965
15963,213531.55056736348
13805,109765.3075288186
6894,119876.76581588214
14327,165237.39796848598
11838,88485.25364384922
12255,154435.16392467613
6587,164292.98725681458
6923,156242.48617537384
8885,145618.20386131914
10486,131278.80651442066
4722,412909.89089260506
14740,215880.63037561867
4754,155629.9171135537
8674,210147.50904187295
13252,176800.32897283603
1905,176931.13934624725
8585,212882.7377690201
11503,182566.44038571618
8979,204660.83670076707
3879,294633.29100745014
5165,215783.31390357355
4200,187386.05949246703
15206,149291.36690104005
927,178247.69799364632
13132,193872.3101624931
8640,257265.60540184902
14157,202602.15260919894
2991,517903.6052057272
15401,234338.10345062485
16356,184144.00486361416
10857,112436.28498533141
5651,162422.89229475995
14405,211183.74773499346
9176,305985.4045641691
16326,148174.04045211157
10397,176122.84118126804
14371,179856.12607015867
10577,131088.10231477558
10605,241978.39246332643
8441,177385.76013492388
9546,113784.88943977503
15433,269493.5871197743
14106,187280.47153351107
13791,211066.17079202755
123,235447.91625479358
6786,188990.0095953724
4618,140795.3643194227
6750,176393.75492262197
2188,171361.1951239916
4729,214962.0651423679
11082,140295.04122284323
947,287420.7845847066
1066,177860.16745108448
13916,220221.1457104285
13134,287672.95711611107
15755,159887.71292525696
14683,247990.85179712105
5590,186669.05088570697
11704,268529.5010285594
11544,166625.7174785856
9457,158112.76454601513
336,246104.36390931997
8667,338726.6318890261
9989,394348.088455829
3786,91171.44322230763
1467,367703.58934276656
15239,241245.53018262575
6380,249012.6880827768
15200,362369.2864960873
10378,295327.00180925766
9867,212046.8193677672
12443,209440.06746244596
15298,325292.29768538394
9136,177063.850957323
6713,268088.5797597336
15472,212325.89968649525
4064,202444.37653548026
13576,264390.8316864892
10634,324579.8410352809
13257,120319.84704793853
14535,275177.3902410275
13262,416106.0008505264
13852,119538.4057032524
3238,186846.0460104242
2029,213430.20743339643
1542,257331.12674679546
5796,174281.97832173697
6273,196027.06881180737
8207,96301.13456150796
13913,151682.29076031272
14113,107464.02888135222
11094,157707.09860690968
3598,431407.5926191275
11881,163997.91430568017
4186,315156.3962126459
105,312264.5691856801
12712,204570.4552882861
10699,204621.61632546107
1522,110981.99779276348
6406,178934.86436402285
2600,285842.93302601494
12800,230692.27216198645
14794,169846.37953341994
832,164417.99168585354
11005,217381.5429267308
1329,211419.00932826006
9621,108016.87070968207
3543,189707.16443290684
1234,204853.32500031358
14715,334854.9196140204
13218,187479.27427654032
12522,108840.0114712519
15168,231951.55067390171
3344,168373.01915830362
7989,173266.9578582627
13592,348096.0621164056
2349,108600.88035483405
87,73679.74478901416
3648,162447.66589768452
15383,178561.0944942999
4245,145111.60452068874
3037,323941.2467131798
4963,243144.75899488683
12513,200934.91855445772
11906,346807.210203074
6321,250420.252967739
15889,180114.44461704342
16390,207800.29047993134
11080,242069.174843508
4201,106241.50036295051
3696,196586.30602227658
15188,354352.348327036
1475,326133.6214067302
15248,452497.01045491046
5836,205571.2669720403
621,318712.5355051492
15618,122002.9180231741
11070,486255.61965011957
5126,316522.23489242466
3191,237813.34157387295
4786,220188.98567292411
6620,234034.87719389878
9169,172707.4462652282
15908,205230.63579481785
5512,138268.14206488186
16496,200897.8803689664
4052,367911.1237765894
1158,199512.83379323385
5860,159631.73301918458
907,184229.53815645858
10880,282650.7441088803
2406,357255.2377525121
16135,219374.4444463607
16655,214998.60462076936
15009,175282.75280179788
9075,154704.09004020336
15211,242864.21164638674
11972,150739.0189401989
7343,168030.57664483518
10693,240125.4756923532
16611,145081.42070645385
11189,129315.03383825996
14873,204671.6504597735
2863,234464.07385460887
1616,123160.96735518267
6932,125104.9717955868
10136,143173.3110224494
430,196348.9099010728
2978,219694.35391991868
9667,176515.88855030376
1215,129603.30680059016
8651,135057.55077055376
11529,141529.91198409945
14115,179663.77798008543
13842,108991.39656129986
12668,199197.22824621765
11298,197117.78409106634
14801,199694.19273722454
12346,230209.49615540053
7741,196255.48177115142
9160,177197.42935228685
4285,186573.22819048932
1738,252577.7127308292
16527,187279.58589936895
11797,95190.85274925195
11537,147090.3754814154
11661,144372.7090075668
16296,279852.29619180446
9835,183003.82942635636
11551,202857.5215642705
7868,504808.9465776115
6828,154560.6342512298
4870,151708.78354082457
14037,196561.30507074628
10255,253993.58083555495
13980,132603.65104105638
12720,173690.714325522
4391,130795.88443833201
15559,171085.1057761316
11971,241377.00487887266
1294,209573.45315805884
4639,201519.2647017658
10815,234362.77533007885
12270,262818.9688865698
9322,234108.20234103565
14633,149622.40346830367
3733,195850.08533545313
9311,161769.9098964147
14855,294884.8730269403
13819,150990.60182800028
912,350109.7742903341
13565,135107.61936250652
5546,235548.32212568235
14337,238576.53686541854
5902,171711.46654291337
3939,180519.69613223374
12958,183800.13011895653
6810,170958.67123025237
6464,338953.79996450373
15753,228139.89487313296
8295,198465.34985908747
4190,149466.20925020636
13160,190243.27681843034
11609,289917.35778205097
6477,138431.80706120445
7833,158095.72709845373
8088,243262.50132024172
7090,197160.14303158945
4818,209351.43105266234
3010,221822.06551353558
2954,251366.23162585372
16552,181714.66865192784
563,198769.93291619842
13208,272416.6756447802
12886,124016.66018025552
9235,148206.82018317436
2397,246499.69347224393
3059,213042.72439649698
8245,180638.23001869972
11636,190467.16365449963
694,231644.8378221837
7222,161073.1219170762
13986,332885.66374688357
6083,109459.91418314341
9782,170801.34751661218
13060,236265.22940357254
6144,271082.07643392455
15637,210144.17287275972
987,401837.300771668
10696,291122.71736620396
5319,144099.99866356148
16119,358595.96560201375
8198,155178.94970958872
14721,201879.0510979185
4704,219040.11332293414
8806,352831.34604161564
14764,143340.06337848093
14233,125807.76396596825
14252,284596.48799390835
9139,125786.7427243138
9297,301721.235021768
8288,214177.68554525077
4879,331153.9124155942
6384,182592.75094752666
7438,192744.8432827245
116,235022.79254876502
364,160196.18758325628
2690,155302.68113919263
2193,402191.0047889044
1228,187640.59085489946
7607,222413.69266575575
6378,159840.30193895727
16520,197135.31249013974
7737,222085.85124693005
15652,153835.0489387618
15578,161371.76896775133
10823,131967.7024719019
11027,114526.58750254562
7076,189521.76701658496
6451,243078.62256910393
15589,168324.8998799017
9532,175197.3163537214
4148,191815.39008510183
1222,331645.62275961443
8066,169260.30691700336
2227,144898.49243758025
8814,328767.0938327606
7121,183367.7648957639
8265,114049.12766214124
2848,183131.33261797056
7971,163071.77783380693
15812,282315.39555013605
2238,198832.34974302456
11569,205221.68516245647
13631,161387.8031120793
13209,187964.72110907568
5448,192650.74006504455
5974,358898.7638606819
10379,179064.57867824024
13829,173125.41137702746
7552,480093.4189942863
11205,177525.63178425658
12787,177601.7248687071
12773,422947.65647005837
1501,316380.1446202192
3650,194071.1754516511
14850,199722.44870644636
8174,94668.58750167426
5565,177756.120955784
11832,163959.6510803412
15866,161043.67583370765
8742,105708.73001200284
5271,155860.98546885053
11697,247218.15135674964
13516,183896.99415077444
6408,225185.2315667331
15545,205026.2264633049
11148,121599.36993697193
1585,224590.64754678102
4609,171615.1172181348
3174,380365.95174439275
13784,239193.90882750304
7889,123021.10583375441
9385,310870.99592247995
4058,497484.4743734738
6783,195590.33359993613
14676,140625.47313638747
3284,154190.7964065509
4988,169983.29313213695
13369,187322.32130653775
10107,277177.1591776866
11456,173245.70500013075
5837,409579.2744459781
2637,169360.85709367806
10785,401597.29397266335
109,362021.7331673739
5968,64925.57783421397
976,149371.88702742913
882,138562.2905810176
624,158302.38472484116
11904,321385.4422395432
15314,116028.71063787182
6579,103139.23215785567
9199,156360.66450403328
12611,141657.09615866997
2898,202477.09444045599
8461,214543.9063626607
15020,194013.11400101826
5652,112497.27786643662
14262,205031.58053330993
10156,352726.1477989851
4461,177787.81913218723
16666,353915.6883807833
15818,174110.2207702151
4940,227830.1978845619
9403,176048.8485100807
13638,274048.07471255586
6918,249839.47279859686
16307,205592.01561235526
4133,107653.56320391639
12316,336444.5994017675
1655,324878.8654924623
9398,211987.2925623929
4271,236571.7555737735
7584,275671.82547698723
16502,491401.6333667622
7732,182183.99980130393
14812,317669.235412565
5083,255165.63485391554
4385,266544.3759310736
4024,186578.14104340656
5925,117632.31195015625
5603,252934.64559897655
9172,252652.59358533344
9485,241421.91049679258
337,172444.18657500437
9767,180928.02867317473
8228,223897.1317963202
14346,175141.20253408558
8946,181606.19122862697
11285,290292.9252746587
10588,324542.319393912
16737,206028.0597350328
2262,300465.9594761723
12102,201264.8261243899
9851,157283.07939099093
941,241598.22066104502
10571,276122.05736177193
11487,241982.4765242043
12137,417921.8525228406
10549,124934.82628169967
11359,133817.5821203573
7724,177065.04190472196
6877,118403.47865959603
12946,121778.37311733043
10555,301400.98094734695
2733,135638.40086069852
734,222332.15694965213
4572,138489.55719329498
9888,334207.1026305845
5547,232073.9333482187
9473,137634.3768908891
10427,280439.633652293
12081,225436.63869936718
10888,357942.8606242576
4834,207869.62299304176
7141,140788.44210602192
3282,149645.79341034812
10028,384019.85660689545
13941,143136.04291036876
3897,166593.9996099314
3838,148609.51652059867
15315,127389.66554023094
4623,340361.96487631934
1119,237772.17547571246
6031,204278.1208777612
8516,128358.80621858308
9415,152784.29848626183
10798,100912.6955219931
13666,135038.01085678829
11068,340838.03292141674
1489,144978.27585680416
9467,293416.9199327851
1946,313415.2486007647
6511,131866.27415107837
306,176959.60207781207
2837,317597.5756684986
9949,176216.25502094702
12571,259560.98802903856
9991,201701.51636815225
10974,200030.45619776932
5102,239544.26914602314
15565,142084.45499961544
8320,202843.43946321722
4205,235774.17218139375
14341,240452.77870042762
12738,318193.50100668933
7959,125595.89881393033
15526,312017.013581588
9391,204067.60228334108
13904,142351.79923745792
5423,156923.19322466067
7852,184378.49265608654
16525,83861.94220714373
3823,202654.07579663617
1858,177644.69212601564
8638,434437.3835787674
5777,183500.79255633027
10277,181029.10726345662
8002,296080.0421853282
11877,201052.70308342497
3964,193548.3798404952
16783,331039.44973636407
9896,193382.76562600723
1733,159477.3788788725
12470,247528.17270148528
12569,302879.12320150714
744,171665.03290012904
13608,195801.09262982622
3980,211477.07084062963
13468,153252.72072410007
15482,362269.5668850073
4135,112568.88534277517
8982,522771.2332362976
1928,208960.48089169973
12408,197696.67988816713
2316,74621.7333764011
3340,161771.09942454862
7512,126853.83228969848
10170,236998.43152004172
2558,138651.02675407854
16236,164139.85565049812
9115,91961.37619323583
11183,433416.20056045975
6603,260791.99253778107
8548,374604.7065936221
13883,191312.9354034605
10766,285991.2082131308
9575,281364.3732878059
12048,181373.69182512062
928,202554.51756763156
3068,246673.1997679354
7603,184411.8168198666
12725,169820.47935903154
14089,165847.19727436115
13055,184141.0235888495
16602,175776.7900426922
2797,259790.13007977174
7467,115949.48100448243
651,192025.93657624532
16374,201575.0706516182
16544,163884.6403505946
3098,171934.85421614783
3015,223018.89480223728
13224,186854.66151907737
11299,198374.28141591678
14583,127882.89009066287
4033,145942.3074338179
12076,242661.56465303054
15017,183319.45966369048
13881,268995.97576128674
13000,178957.4154548429
676,216136.5680239361
6331,417048.4548041658
7681,235473.561309507
1435,291734.13136935665
2966,230595.98308924274
5825,270924.0921612995
5422,445943.857755401
1663,169181.0137331977
15561,146561.55039394164
10062,264613.4645500821
6476,179143.50082971278
1957,190213.42245407723
10795,180594.6420694035
16197,108300.1961320479
14421,253317.1610290778
12994,205464.7937592317
3493,177689.16284892507
11545,157621.07766249252
6726,141478.58098531404
9513,204557.2675718969
12556,127876.63701299523
9553,164230.96006417432
3734,340744.00818458304
3109,262382.2523262168
16319,199687.36352586152
5959,222190.62190789657
6683,238886.68932774226
9438,161087.3647242299
15857,259550.6132322344
2421,262058.51752477532
11540,213793.96531567018
264,211666.80282713476
16561,234774.89956095535
12288,216153.27623778363
9570,193228.85817307327
5936,159907.7814168838
11390,115399.31061807876
6551,185199.72522421286
3946,220631.61971375314
7746,215051.33021067554
2838,138266.2500635904
2472,205708.46293755303
3520,191372.61999280247
1341,368495.7431220495
3910,359789.42129252816
5208,152759.38907737203
12599,198529.90462509493
2475,242396.06694678505
10966,196868.96027123404
5910,226493.70016896242
11910,196200.7870485811
16221,107162.09318996647
10591,158540.29204712508
3744,193339.3464628043
6618,403803.3378785632
8676,428486.3061748549
11193,181985.2283080946
12659,240986.7210893865
14101,184432.74717941048
14483,168315.15542908447
8107,264639.44012865826
10681,184289.05181001255
10126,200996.67767723862
4527,268548.9597804495
16537,220045.67814808662
15403,166311.78143447815
11124,355720.71068750176
7468,158841.55199783854
3172,173364.88718363867
15847,149473.1152000102
8211,493557.451519507
9459,245718.64762016197
5903,265865.7728853225
7232,175157.59269671384
3180,186606.99859129018
7147,365349.44842657703
10105,164410.7355865193
7338,119484.01948427831
2446,222118.1846222654
6466,123588.20472099047
5782,134561.0655528195
6526,111203.69365084276
14982,218979.69193160458
14639,275169.6260435923
16052,226594.79376106412
12587,162891.52126207293
13192,77806.5328087759
9342,292174.02639701456
6052,136272.55758003227
7987,186393.44238211907
12165,323547.84310181066
15151,368815.660097957
16728,170908.11579242212
12735,202141.16913334766
939,172274.14559348853
10983,176496.5398233915
1385,146719.1694905578
1892,174578.74699727705
8352,127161.23023181096
79,181939.3607941495
7171,189823.33741069486
6194,221078.312034435
6973,162197.53990558433
13786,174222.6905210747
2578,305170.2571652462
11344,166241.81049565892
14536,238484.6395222423
13518,210007.36044528263
15855,340809.4738476246
4387,250808.36000558827
1596,234318.10352352192
4699,379960.9885225408
4559,388294.62365985825
6613,225876.14530496852
7489,138790.32256918185
2127,194457.84742594848
16668,455754.2078846543
5919,106391.02711209985
7696,175221.07283841353
12287,259005.73483768024
1053,252766.53391316117
7924,259418.51870436978
16365,246800.55042297908
13988,416270.63788216584
7415,239065.93210083156
6661,91384.5883722549
14496,171051.95102938963
15112,155737.26532939234
16444,163760.9409296004
8992,230202.1289308953
11054,369332.87156202784
3570,126176.7061799328
11016,69246.01262573834
10455,155301.58128648376
10478,203242.61924397416
7751,185796.20615808567
7913,402105.43871795654
4883,196860.840805808
12728,404131.8424299556
11482,191311.8034356469
12561,161353.03418923193
2207,250819.067543787
11946,136770.20031768476
10552,258709.30751117173
14673,143479.8483232271
6914,176974.20875499354
15988,127465.85552017186
3878,197171.31013522024
13937,185119.5670515292
11208,211699.33318363596
3466,93218.91653207182
2799,171972.00832755538
13802,242824.80612431557
15790,130017.8016413349
845,310998.16499597486
13261,207241.6810073952
9986,195971.410543265
4771,275656.6433083026
11763,290864.1265917802
13249,506090.54935337225
15982,226337.30495078833
5295,156968.29458499863
2828,266959.21311830997
12717,215786.2802825138
14541,150122.93178355385
12898,158037.30045462053
15190,384464.2801248786
13553,307110.34258894215
11589,237974.9022339576
13168,192918.23420642072
14224,190794.58333558045
11844,226199.33964527948
14578,141701.65232425043
6770,241841.91249300394
1003,120114.11581542698
6716,157549.04742300266
6204,353305.5573490029
10213,291470.44367600954
2961,181659.31111024585
14134,177999.45202724554
9134,177677.92316735972
9906,319073.4295615079
12114,215422.77594252472
12706,165470.93372107783
192,227843.40219605528
11022,190949.41214352543
14712,281712.8718657568
2659,481865.0132216054
7602,203947.4602027456
3009,135547.34876333683
4533,506078.6701705112
5620,164625.7830230281
12312,154606.50990684424
10896,173062.20955405294
7532,150914.21589614794
5696,422107.4725192054
10743,434655.4877728965
16708,174883.8770180027
5430,173139.49376324491
4362,196818.67887536148
15599,181290.57115311068
8197,134633.0663139642
8502,89623.76659713984
554,112245.31681819653
16301,144933.43912351818
6206,385436.03079844214
10523,195346.60125745847
7221,197876.0943485668
5906,181010.59224962303
6724,175554.47184062543
9167,193063.81861997608
10380,228185.77447507458
6209,150305.1184805623
14298,117784.68436354061
6854,184834.30791110249
15218,175834.29163313116
5081,177644.31013441636
14572,213034.5556959559
7743,193016.33140936343
11071,231714.68604797832
10673,144783.44244295146
16276,328036.76958776143
2840,204855.2745102596
14414,470207.9523775045
15739,300828.0557874252
4743,166253.4281883319
3156,349362.75112727855
14879,176639.5935580104
758,153817.58928945265
14304,174330.09633351213
1210,334023.54517112614
1137,147129.6205334813
6026,190544.2094319457
841,158102.94572072692
3993,138634.7045151346
16554,310862.84692744375
27,150669.71257121474
13015,203349.16500158768
9428,152280.8761498291
6885,176413.13770479866
2410,164612.98245383296
743,277778.37439340196
9361,317369.5607359938
14016,217244.01187320953
5040,382159.45079923084
14255,171296.50079425602
291,204058.69623223535
3937,195472.2969583565
13374,270973.57511612406
14948,215718.73395981733
37,116775.26532336058
8226,286451.684551282
9547,141698.69541532325
1000,293795.0930015307
12406,148469.3983196364
8314,227610.73544482212
960,158779.6615672589
31,242436.01831719326
5905,132905.3450652642
15833,322299.4231685216
8146,247986.2837736149
16718,117761.08311243447
2231,182351.43732553412
11286,200694.7896260561
8275,152107.51628308324
16706,523910.461341157
6594,121920.19153794569
15521,288410.26247050136
1131,234063.08275366633
9595,168167.416645128
8354,235034.08035611318
15777,115719.05315128347
2330,263780.96196768933
13382,373244.8771638097
16721,88115.99683209322
11393,198340.9239296745
7009,215482.50412542967
1474,158594.77891132954
5816,163318.2197829216
16032,224068.81703601606
3422,340777.36919778644
7231,170123.39159078692
1565,152437.8451857369
10574,134045.07263864097
1107,159006.5691007481
1458,154752.1845729527
12716,516731.65498357645
14039,163631.95226422654
7099,256526.88401784678
4498,250347.61209709552
16394,106999.46466368486
8760,162561.1456329481
5016,132503.72086676292
1097,81954.9389439451
5433,176811.1446904652
7847,187567.4200580265
2903,384879.6938402393
15929,193773.95483111576
9066,427736.95325343823
16152,236970.11856438004
12383,365023.1242048132
7591,270362.3734298532
15435,105659.47583005071
1556,265727.87411760545
10644,236007.4998208252
5333,175927.25841227898
4266,224455.77448337805
7946,247781.18846376042
15594,184592.00742796756
12127,209567.70490198777
7697,442162.6192395844
10020,181140.30991619104
8999,272332.02960327954
15708,171349.51316078013
510,215156.59428610635
7239,127408.9235853777
414,348262.14201577863
9095,166980.24428141583
6136,191690.35171704902
12482,209856.45781950688
1254,135181.008528317
12989,202967.24172247777
2923,312335.15053643344
13845,127142.99817597633
11169,166958.70182687274
3031,423748.507518147
12704,290229.0166857319
3430,173327.33148597184
4483,111500.88374528375
1438,155272.29621696277
7790,151773.21915488358
10260,182839.39847263027
8340,186509.43582534228
11099,132963.90111817268
4392,159098.3972027788
1551,197797.53911062013
6566,286723.3065523566
12689,158036.54215844176
16117,189684.6361657705
2800,397627.8391644818
7779,255613.07160154422
4546,175153.54040694746
16734,235084.71700844876
2506,150742.55516724873
12457,129619.415913902
14626,148186.12634106542
9816,194343.33237117963
5055,157902.2207062322
13894,186142.89882199076
2676,187082.17776483728
13860,173802.2172482522
3029,185349.8203978329
5048,229381.0280303526
12857,145464.3888852528
15813,135439.6602976012
9973,148582.056611801
6664,279217.7500746014
2764,233803.9905538065
10746,129869.73092559665
1068,276314.20787811227
6797,274174.98991744703
384,133868.81989383535
16012,83427.39918681124
10891,279996.8042177546
1110,121280.34405274106
10284,355726.3294274407
15508,161145.09429957936
6000,72378.25533679337
15275,215109.6149637682
5312,117952.72361052418
391,149325.52233241877
10154,175847.91085883684
7256,195064.08179848574
7947,168270.30323794062
4097,150976.742674628
1526,321065.20668723364
16261,302163.0731189411
8470,156958.34745926026
3270,210568.8109448853
11212,292813.8426630401
1261,190876.63465832986
13456,132541.31828842574
3862,204756.47822556781
13241,202497.14340454477
8526,246806.08727241546
5013,256011.25644797835
10205,339653.9773651869
1346,195901.48161420898
12977,233265.04463843894
10073,159489.72804630775
9623,197635.49965495797
10590,188503.19693212898
2773,239564.34931739912
4444,267357.72762073355
442,189739.19991706847
8376,221860.01938591606
13461,214612.8828827815
13229,161675.17524935998
8718,187736.48757601323
12847,176228.50308073458
12117,226372.39116603235
14510,122449.43809844089
9254,319233.27075350535
16290,231243.30964575132
3936,229757.74894508914
12526,174585.44366272798
7302,283501.99474926706
3268,211847.8648782525
13230,251818.9154836066
12695,202758.0898905901
14761,260862.37126078707
15771,251655.93208510266
12598,246883.86413855295
15357,164631.9654781673
9874,98255.76762497543
7582,206566.84750777629
16604,437670.08990783896
2023,154643.99247836508
13932,170145.90690399634
13300,98014.48782567345
14040,198718.84760500924
12612,166158.1125996157
14843,333102.9652461098
5242,160922.39944962217
1343,143455.9642465969
14576,190990.1601266968
6257,125809.24694940432
25,160711.93290084967
11043,206028.6542634956
5047,88987.27686987381
16080,236173.97412572487
2161,220275.93449311826
2444,191358.46924087955
5459,220731.92272962362
9033,137499.37412035099
11539,216202.872202252
14256,182764.36859087748
9219,270695.16100791853
13840,322691.0308865339
4848,232552.24382759043
227,167680.1259854341
6238,199522.71412549526
15530,171767.67607989593
594,134629.5498710433
14505,100880.45576819163
11748,257110.28127385702
13771,154499.72201236885
5778,202829.3203774165
9820,111442.8481557531
14066,221626.80711898155
8498,212343.48671684598
6058,245039.13347390248
13661,210131.39064063947
7992,193228.4416188229
10264,97240.05370932842
6924,182211.73465752156
9183,163592.9293243476
13325,236969.6951784268
10467,74058.56694680577
998,238589.87927824265
3700,202753.31757168917
5094,242868.2929139076
11643,140810.92043985426
8496,182697.36538126148
16487,129212.72375621129
7810,268235.12370723905
15418,171872.64005675065
16355,226764.53170099147
3194,176995.0416389461
9278,219853.32280272286
2707,145582.14283702645
5688,381003.65734500415
7883,206911.52532617524
5250,297275.67755350296
12794,224367.61669207484
15958,326809.593118581
68,250105.21789695346
9505,182004.7637866475
4162,216764.28207132994
14730,149751.4514162475
14671,370086.41968047625
13981,240440.6070058596
4445,269196.47874014464
15067,158156.15393071045
444,221173.12778286907
1613,232918.24848833695
8509,444226.588371997
877,133920.90514683176
5170,283746.79587703047
9846,343774.8325847098
5915,169732.65341784913
12459,225953.67723426255
11318,207827.3813521971
16009,229863.53812322806
14466,331304.8729586062
7896,186034.33510750215
11280,135470.49867200822
15529,275445.8890668741
3859,463105.33401712734
16193,172100.53998201372
8796,134955.88623568683
13010,178876.33163616864
8672,138551.6415497279
16756,128280.87077354749
6929,324014.28493094706
6288,255171.67377795852
2842,202671.13345935996
13446,519867.6107723876
10235,161977.07954944484
7654,214199.69031107635
15967,238315.8255316949
8048,184018.76096468564
4253,293000.58568257163
8004,253468.4094387116
1397,329929.722225866
4799,309811.4577272428
8558,146988.90829891653
6060,263821.0624380406
5608,177735.62375021027
10515,240859.8013877305
8931,237976.9778616254
2396,253377.60200862458
4022,161578.94370775775
12471,267087.8137180787
1711,208866.89822381048
11430,190027.12139346768
9829,198104.82517103854
4425,194977.10991817425
9803,355135.5583872998
4651,326298.1010410694
2189,351880.9818694588
6368,253829.5002854373
6568,204095.26410242036
13827,74802.56957016946
4375,401191.3267961282
5622,205656.77024388907
10559,104946.877871397
10985,400930.7681064791
159,342401.7211848402
9038,202528.11961767773
9382,396511.7283552509
11998,239469.1260878453
5184,259592.1141494382
10542,171553.669631568
3537,71931.683409152
13475,151838.6511479608
15536,343673.6037297718
6948,283682.11587299895
2888,267875.354332138
2830,236134.24122953112
12064,188464.2321232022
8922,223938.41087866083
16427,191716.81293562773
14051,101164.25643891456
3251,345410.0351018627
14202,148341.0273624424
13756,137686.2284240276
1421,136946.35463690409
14187,208227.2651830844
10166,249151.02485638997
4923,103116.63407063593
11570,191437.04950149095
9844,151667.06976522514
918,165869.47454998142
8919,270570.1393227144
8818,156594.39555160576
2949,191504.40258614926
2423,130949.3564330091
15361,149742.27239517673
13254,100440.28730204854
9692,233260.92750846923
7271,311617.17431722267
2017,223300.78207490838
4036,143833.8581111136
11373,214214.18730172
13377,269724.5195681913
9977,186774.6771277137
7410,163538.04770743183
11817,236120.72014356032
2573,180443.81255100598
6543,199086.22804588784
8819,182752.69184505148
312,112572.71743980727
14517,191013.7653576882
15090,242658.49970245524
10789,180342.21498151543
1910,195293.91525266191
14652,183822.3968767143
13121,233667.6553348633
5125,241565.26525416697
1959,204067.82704741927
12034,275963.0599404346
15595,116733.44708383111
6153,152073.3852515074
4053,182956.19957627196
10877,265972.0488137105
4529,179960.47943022387
10158,211510.38434278508
9236,199725.38171080625
5299,303000.45301541215
13059,212030.8742684511
11152,266823.4961663476
11914,343978.6339556622
2442,353670.899229279
7044,177302.75807563102
5893,173879.7368903548
5035,122455.44509664124
979,303054.91530474444
3409,183006.5547597342
6675,223139.543243002
11650,256289.40345153512
5611,136737.05890541413
5956,172876.26272326367
16435,225511.66908427083
14599,153570.0210440896
4215,192963.66143377937
8873,153036.3339916655
14918,308885.35260909284
10011,150971.80928141702
11446,208146.68423857048
1535,164885.96853329736
14241,187593.13624734315
9543,207256.02874929507
10979,194284.63857977276
14215,363569.70028104755
12365,201597.56653187476
6681,189710.43448900376
2924,217310.437306308
6445,307741.1617832423
12032,199304.04564491287
10702,191200.43087323126
2974,166499.97047989565
3877,173599.7178324996
15147,181744.27271617585
15984,244722.52456980365
2324,381573.40562809026
7499,276062.90543831646
3801,365531.98033832584
4284,248318.18916994336
9329,184618.46492261667
3120,339820.07935494615
2531,139432.96704122762
13762,135750.34735603654
3691,186667.4331555714
8058,210584.09329378756
4897,170868.26617555963
14925,204037.16042283215
4330,150675.27959007298
5453,180731.26420538808
6559,218332.05495070983
425,351843.4797104376
14024,166759.79522914824
10413,159311.92913409742
15294,180136.45629176585
2821,276003.79383766843
11509,120259.80645963179
9074,168006.9665857472
16091,303377.4072317714
3642,194240.6436268909
16124,188996.40671517988
16449,154775.5397278798
8684,183045.34136773695
2392,325683.4956889022
12234,268255.86121374945
14199,113251.26146268193
834,330701.3645140272
1484,173879.7368903548
15653,135349.21932916428
11663,169386.4178596969
15397,409934.0120264053
11385,193269.6314329428
10151,178225.39441490077
13263,122756.62090227411
4505,252410.42123376287
1851,145215.9026037475
15471,141752.89786950484
6560,206755.62995172793
4007,362620.0382972624
10251,226807.34678602405
265,178902.9419880032
14770,184976.46865716844
1353,230261.00524318434
16335,216671.1492096017
10859,178833.53909508945
641,207495.6269110289
11985,209385.03244201237
8076,184889.35118323597
14160,168188.8684420903
12506,298262.5031171794
8809,200216.65497251024
6957,157365.0161779251
4478,130120.75647851103
4749,199194.83385322057
12322,176558.52951154462
13910,157452.0901586699
8252,205244.6897381
2431,277755.8645749507
12670,110112.52669177922
7537,163398.21199938262
4637,476195.9904163802
2538,179461.5823898565
15290,230035.0114468588
16072,323199.60960061185
16740,127274.83095822968
6078,180558.0533202266
16723,166704.94339672438
3847,255031.28102853446
5999,90030.6835598031
7678,234841.7007356931
4862,147365.66673921555
12468,150364.23890541092
13409,389190.3708927217
12380,235459.09348222695
8962,130375.0608513425
11004,268127.06237710407
792,163220.70280815737
5687,199472.07897965598
3906,130826.708519535
13554,131915.41596059484
5863,114091.91547076816
13459,143056.8130172482
12378,259890.98502093757
9935,135615.65395871658
5674,175719.71712161534
4535,257363.1765716392
12310,390280.1605841267
7048,160983.54350090795
1143,370409.817767747
16085,177516.218951477
5358,159524.56687832344
7100,242368.11884030784
10384,168624.3590596543
5006,190860.67269806462
7371,148838.29975567816
4720,151813.79470265008
7577,279618.6451432494
15196,193096.81638642185
8467,317203.527239802
5251,136261.41890874458
9220,146404.85063057393
2151,168971.98163125903
8081,269822.91239151626
15824,166806.1627504502
10545,299072.46010135434
13403,304232.74205842696
1559,72882.16437904123
16795,168916.83065497177
6293,170691.85261220235
16024,197890.1638490341
12167,182681.87463858354
3078,130077.97902632704
6736,220698.75059330103
12124,348857.753576715
6489,281478.03976007015
2778,213914.06608769187
13074,152474.76561786846
4075,134170.9910781497
15195,242151.76396817697
3160,141420.9496350178
1272,237574.09342040177
14776,239146.57025208208
8497,279159.12420631107
4,195368.8515382545
15732,348367.07434011134
9111,564009.633900549
10748,180003.93176983346
8944,179715.28561399662
1906,157441.62440796132
11283,103875.22335967449
14269,130982.4493958096
16232,178909.08322643532
1839,317370.1137022226
7894,322855.170649642
5703,171091.701247456
1347,303359.9636114156
4849,74297.75750162211
5618,142395.5234231405
9672,224134.67685380453
2638,147763.7387273446
1962,319933.9424198357
11717,237938.4231540736
13358,360239.2331469966
8258,69500.4266073654
8822,197560.83319529268
2927,182080.65061215233
14741,308258.33611998346
8216,141946.64316303813
12317,114921.38822242018
13133,242114.99832206048
1286,181991.20270942966
13116,134653.6261322181
9198,130613.08129318894
13679,218010.74541854835
13877,140280.20019293914
5946,130523.5815290393
7428,206670.6763711892
1073,325007.9697044839
13970,118795.32879720573
8466,182523.41548836723
13135,149620.96212373086
1778,184669.196508126
195,201236.37871343753
8973,126049.86304456675
10674,180025.37877982832
12350,135579.15216868787
10295,135010.61253771273
7251,300891.3687157215
9245,195499.89101371577
9126,155168.68863044176
7740,235295.9829224469
8956,173088.88574461584
13686,173453.79111398323
2864,161732.87252250643
7110,143461.6491577531
11331,196872.23271838
16637,153217.48417536123
4580,312841.71395099873
8909,397808.18460885424
11932,241574.36702169827
5243,183934.63879609434
13419,289464.75761166343
3459,275657.1405440574
7053,403817.3894698744
14691,310064.8964731069
12535,161669.7966061841
560,360847.60535705043
7514,254781.91392822113
5305,174062.23690827977
11231,264138.5820053998
8803,123722.07986633669
9791,166064.09917289385
130,201675.26957295125
5874,412445.06600695674
1440,185457.1563666888
6474,192085.82832874294
12168,197559.63193301868
13187,356937.9057584662
9831,210363.37824354926
15943,204927.233087748
15846,141408.26475524768
1402,204008.72401826936
4968,232935.9407982197
5131,207988.61445597978
15580,108550.64633170517
10869,213637.45423794902
4679,145265.79561867152
13908,140207.0980576192
13489,246123.1049613966
16352,119920.15403418173
5691,176171.76834699683
8780,258014.25418906854
11933,292827.1095850053
4136,356507.6867622824
12873,182316.81573166337
13330,197682.88599567735
797,149685.8182660839
6450,444819.0240985044
10056,152937.41260685152
1050,139852.4188374151
1202,173244.4514899628
6680,118244.79985705423
174,193666.7895861989
6337,138147.49998777153
6704,148083.53593482397
266,134098.5778086072
9195,109287.30871047378
14668,122254.61926355012
9315,233899.1681718525
469,269266.68197568326
8852,205058.72082740374
10907,200071.54175695783
5287,406289.8722549706
4548,224032.07180162932
9637,194910.8210222211
11010,170605.5059867073
9564,168396.17952273868
2681,110460.57707699016
6776,164716.689133359
8311,190831.24153223343
6580,197885.2481929381
14417,169755.33505497858
3892,193175.24568295304
4929,143668.23346745173
7340,264686.37136732985
13225,202937.20129040445
5581,117389.98600760206
8015,152459.49423363776
13567,139469.82007398023
10596,203643.85771444847
11291,161364.0225933649
10901,264707.83791676554
9349,259606.0454522119
4030,245710.35973120257
8357,181389.34104819153
829,177921.95722450523
5529,407158.8448028733
4134,222587.92574708056
4867,189704.58315349906
903,214839.60886538032
3701,176810.48001902574
12916,103073.03323587545
9031,202622.60898510244
1965,282777.1886267941
13851,235118.61127526808
9314,201404.3646094756
7386,177662.36922700278
4088,155808.68437291356
14907,473987.252355409
5991,218893.00928634996
10265,265225.9644843823
15260,156943.78378214006
8053,189662.30367833923
9577,234338.0919684949
15509,139384.8917160041
12153,262265.1698971002
3218,218683.46224203813
4740,280861.38198921457
682,178762.820627868
12176,219841.8161369673
12385,154009.08201812048
2523,85473.06842599972
5801,160954.46833287692
12751,157909.7774356053
15121,194455.06306566996
517,358144.9666624486
4822,236016.37648177682
1129,358023.8283695886
12396,174745.68948842754
11329,241772.2400870178
11856,305208.18111900537
3653,195839.64657706174
13404,88427.75333665308
14486,408145.9396028832
3502,178869.9537786625
7717,86674.0763545033
8808,176879.52779246247
11676,210591.7946845839
7033,258442.99741043782
1681,171573.14677942486
6658,137802.36011060787
959,458866.90398363373
4871,199260.69609224322
6946,187020.12510195072
13763,252305.85269847448
15320,285635.74229448487
3065,137576.96668191542
14742,163137.28150231094
13959,133719.7911579109
2427,175555.55290147412
1716,289574.7890317928
6258,126294.28535780264
16677,160882.49192642112
206,334315.507124544
13659,530051.8997289487
7782,143689.59677421895
3308,115804.87834836982
9073,125796.89926994212
6342,414693.2769490094
868,327519.430059198
10153,245462.23161523853
16788,165126.3689031775
14886,151593.94138157184
4674,178229.7089585318
13599,142287.4537759999
6851,219413.67033216788
6443,222658.61861503604
9903,160798.35841331058
8321,320395.6006685588
10686,201695.1529639329
11106,144825.80255048026
11845,122521.08790229968
2439,273876.3632185312
5461,477889.00223035866
14559,214008.9242403892
10215,184123.822305532
13566,341823.7333547889
16563,130522.45270680261
10492,261113.73067499464
13847,211750.71565096633
3607,190760.9324642214
2844,146046.66903954567
3499,152562.8685298261
7478,346113.8001670075
4728,312038.47779136704
10883,174972.57285233156
13602,91639.47063134892
3751,151950.65809533867
10299,185359.9764254073
13023,155552.22617249022
14498,216007.5060930963
13601,129124.39016554589
5787,150930.25070566227
7853,164936.5144180546
2429,259924.61976876744
2359,274763.7456937047
13926,267167.8612771867
4278,151659.31987513407
14307,226148.92458846228
15677,326882.0616945158
9,132509.43157178705
12630,160436.8141571006
16428,366426.2552220614
13285,207695.64619278378
7902,132272.58438713683
866,103981.35434695006
6077,158591.38456487042
4015,328810.65807170345
16350,164806.2619940503
14793,138589.91077511886
1409,194699.4352448465
5199,152384.23266493552
12036,288129.6838705572
9654,172739.00515744826
13106,154702.39547480713
11780,176901.78928926372
355,204802.43159093568
6247,143648.310759043
1045,235003.2177936966
4019,234347.2042507358
2048,225376.4842661778
14586,87735.58965570896
6720,189942.75528549726
5509,123613.10536587132
8463,264014.8260017827
3202,237692.1309353178
6910,154220.31876846842
5701,302886.9879568321
1,249788.617745325
6853,171313.48507399712
5386,186374.62324223234
9251,238855.28111622724
8580,189597.05295271962
3644,212269.69708861902
3258,191595.17740855747
329,203632.21060618403
5038,237635.61168673064
2526,178229.7089585318
2082,420118.9111329714
11081,159059.63994267036
3927,194099.5323215684
12305,207334.84720307478
10975,296487.5683058407
2590,206129.1432142727
9337,174582.06712642947
9368,177538.38936095673
16111,152362.68015471057
986,283266.676665047
426,176658.32871658984
10040,173402.7756207283
16463,152953.88770499948
3704,238848.4119955114
15406,264170.0199308543
10035,322823.9163162445
16251,137336.19107953936
9520,512355.96522021113
503,198891.33716439057
8260,277512.3075163019
14309,225128.01673113045
16054,299186.6804115727
3885,237222.90023441953
5924,147844.41472987918
12843,174944.5858136593
14300,129005.35809361715
12608,265043.0965580574
11437,153997.92056448112
9535,162126.89747904037
1528,190418.65791601347
11518,166624.79145518393
6401,267958.40803284943
9129,169108.94121271814
13069,194638.5523236573
16607,170614.49710029972
1473,315345.0820273206
6085,212330.49713738152
4067,255604.0092652578
9178,177274.27770797384
5090,148161.1423442897
15046,297871.51261946186
13621,161198.18705181545
16065,205785.83846522236
1944,181947.951411276
1060,268670.36876164307
1764,279504.6685599696
1705,186419.51020156112
9961,115341.93103010306
18,233936.95054370278
10371,104346.83222711187
13185,128858.00356304566
13139,268114.849212184
3161,327743.1497414899
11931,235607.40456276393
8759,190846.6340628407
12969,97244.1041374341
14329,268140.2053740557
3637,184975.20171359068
1165,73794.5874739906
9976,172116.47011025113
16490,198587.87622473374
2074,296798.6216595622
15364,349508.0527611079
11394,300333.84077067795
10222,233120.578446793
5948,128091.58185680633
7494,174341.90587846417
6285,218106.7752565716
15220,139405.52903910808
3237,146194.26758348517
3528,182185.91967416898
6289,301036.8594123691
15784,255332.52008001794
15321,319883.37272866233
4562,145433.71517657326
6402,235848.44961049786
12688,209301.73787868043
3536,173318.79365989257
8426,129358.98109333296
12434,280437.7192598061
5645,207561.3231152182
15080,227756.11514225195
4677,185299.70952639572
9818,332687.43331356364
13496,183437.7404143912
15682,242563.7736586998
6284,255006.33288286664
14342,180820.82656828687
8109,205181.0404231197
14818,240082.74973875025
5724,107408.63311450402
7471,166105.8281834969
14905,213545.39306959382
9719,364517.54760478594
10637,297234.5723762599
12838,171864.5051569738
15949,212611.87637932214
2334,280859.66055125976
3416,191023.8262812544
12303,147007.76186911427
528,175778.14262944713
980,181913.17620605123
1298,116539.94207508911
13728,185041.90423834167
10842,125796.89926994212
14596,103299.5643865472
1899,313847.94166133716
16380,263341.8501102806
7855,121901.47560796543
8147,251505.49935016144
11469,155067.116798618
5779,73534.65207299165
3389,404958.2083674221
7885,235449.37809088887
5254,462058.3057925211
6383,132099.88822072145
3498,199094.2121300748
16166,467396.18221648526
2413,241293.1318853558
14653,268519.3910404026
9345,155710.7909370174
13711,174369.75892328995
822,208701.37431623176
12640,161796.746353746
11954,287597.23335363064
7914,362687.8372719033
7394,270426.2576262428
7354,179682.1084834391
13058,156720.9131574814
4836,222329.19099288443
362,158209.75226535334
9365,148804.5883809689
211,130420.74937340064
8543,158479.26543141706
188,192058.38593368736
14196,456663.8678990946
7114,298279.537583695
13431,193975.7343170361
12869,328559.84453666245
16681,263540.61992463423
16528,181641.9493953915
390,339314.1715949025
11752,158314.24801072595
4408,142113.99190905274
3315,175444.58911597478
16071,205901.53752451416
16535,68195.9096887997
12463,230887.7408663259
12790,234511.8074913661
11787,125826.21454124199
14577,202789.50749811347
4431,255270.8946040985
10286,133311.78707720328
1676,272257.162068855
13993,288371.2695799796
4761,182350.17582948698
14670,217369.7313391499
4795,256779.90236017737
15411,243451.59253689824
2909,71312.04643466944
8236,410230.8285397056
14017,147644.63964749515
13974,225721.9126989155
6513,228092.76497188493
7695,156133.3776662798
5286,178261.52092227654
4902,268667.8740621492
1124,305239.48268870753
10436,188780.05342288187
14749,244956.5303898233
2609,197018.29665947135
14548,210045.3947223735
1566,154876.9019447403
3649,176619.93049626471
16101,250698.3522382529
13095,173573.90798953502
2779,168133.04189370864
14203,143779.9704325136
11019,179080.33627588386
7653,161879.6281132583
12835,177594.40497510324
9683,274709.65700168704
6955,128314.29595182436
11504,140599.66582832905
12110,178164.73230100656
237,214000.8255413502
2612,200474.62293852578
8855,320150.76126469515
8729,138967.5327958278
11580,195964.42987861697
13807,210169.105781012
5375,200586.16694385055
16767,336071.4984330073
14540,208776.13007388086
255,271918.7311898499
3586,157401.21230442036
5671,214554.9595333284
10311,364967.7191930734
13280,220752.7657684899
1788,205253.1094679091
12128,183675.22352238168
3576,402330.7273755987
1285,221427.11553619642
13502,185244.88840782963
6518,212693.0167482604
1729,179275.94579984507
5398,165377.8860602683
12539,235939.86245930468
1476,176267.3523001574
5057,335871.8082475832
5133,231762.01411131222
2196,439040.54562298895
4041,202329.52341984652
5252,84804.0218371695
12879,168387.00131172064
13210,196081.0311677775
7390,357128.0029759569
15942,145221.75545350037
7054,128276.85239140994
14632,239514.44362127464
10208,204915.14495717466
14120,168889.89157024113
13607,200238.21712486018
9647,211611.62646913074
12134,182663.28054977395
8593,152476.43234547146
16231,141907.0606388361
12474,158698.95857539677
11640,145723.64889980434
1685,118837.9914445087
4474,139869.68533319214
15313,221594.06780371748
1736,143703.86749101567
16471,185579.71147127225
12517,209031.8528375349
15437,223640.60721962483
3381,189989.1578747926
16555,143504.12664576
15738,180553.22173314716
2896,130217.35407958138
11356,312357.1920093685
9734,187457.77339690126
1890,168879.6218920152
15344,187047.4338377544
13575,129035.80916025287
14595,212158.47754069528
10567,225951.32082970845
12889,189908.7965147096
1213,209410.32733519017
8841,93503.38355392811
473,232050.56317264625
14853,202626.28307235893
15271,373742.4034116053
14191,248186.69340914948
12703,278629.8666533544
2649,222910.8704692002
14916,151149.1091426748
8975,123344.0757561141
12108,241407.90013012307
6070,156104.85353679964
15765,167220.87644402208
3713,88988.30385261065
1618,268621.21160129237
13874,166459.3293947327
4407,128842.20243719689
8550,210980.13941328684
15759,343107.0517718337
7808,136871.73772032198
1127,207975.87764967894
13108,291042.6456045798
4426,178938.74754513692
6175,232758.73399677387
7903,245848.02691048878
2076,67059.28449508225
9924,202585.57719496178
2322,139377.4914235004
13844,170412.7160051792
13871,132680.7085295695
5908,253140.07849333488
429,492974.81957130966
3443,135114.38237826873
170,109674.96558861947
9879,292840.57021887397
15324,274850.9721788845
15616,174457.40735693806
14217,235089.14431159198
5262,174886.7261680494
13426,271407.22368517454
13286,159332.98342488153
10464,170011.87971036232
10881,194885.28860864957
12776,127576.99072668349
10664,173666.61556646007
15237,218045.25637620932
15999,246951.2656366465
4816,281220.7119744288
13856,165141.2134695934
2701,216992.90284302484
635,177697.92531114587
4016,210165.8704477663
64,215261.14959916627
4881,202510.35373022995
7017,279022.1333878293
7184,269801.419125921
487,171940.44311144733
15897,363716.90211903886
11444,150618.01202503033
3260,167807.40075217318
3127,166788.10971456996
7899,137149.67680467907
5705,199706.63532278617
12960,240206.82006734548
4046,173522.21510620473
2190,280509.6756196044
15787,141580.26817921252
1926,233105.2936900776
3944,175836.02771723134
14709,229807.43194631106
13046,162361.07502540908
9845,203307.69451276283
7432,110550.84988053245
11524,215213.6641900118
6393,171160.9965217004
11323,154749.10730280538
10352,222145.69251204684
6811,347621.331405799
2606,292634.7148951568
11660,379232.49674824567
8305,196948.49193472273
7357,214179.553725365
14796,182637.79379603776
15587,167317.43651395247
2461,415282.7555405459
5605,186490.63752034766
6554,214225.33774088908
7662,243796.05309874273
11798,213970.79109230704
12078,197983.83963570723
1758,127336.60515910642
7661,475040.8243855656
3335,177444.26566624682
2854,202089.6752267709
16659,241866.10626687322
5241,274444.6378068795
16469,357176.8329020516
16098,171227.60098852604
15049,165534.26836735947
5152,79280.58974789901
2166,151044.68052379083
16465,183670.80540495756
1768,126955.78109753628
8744,184515.8917018746
10594,165090.54053615048
1339,157821.15339446737
6998,170618.02191245678
723,197202.25632990806
11357,197137.98534833573
4413,181093.8835145418
5026,204613.4368052086
4412,247327.64987889738
537,152176.92257560583
10270,109271.05724175225
9571,247007.98631368333
9969,226474.08785029774
7822,69081.6711300372
6621,210719.80683010997
208,175236.31544986833
5195,209821.75562150628
7032,134864.52613978612
8263,183600.99623667818
14719,411209.0828555947
15622,178371.82683624025
4259,189133.91209199207
3085,325220.566912669
172,181849.14565026984
7130,139186.1179601128
8767,169192.17550211778
3087,160050.3898071875
4089,263393.38390842325
11477,123440.72334868308
2246,191631.15934224287
1793,185726.45687938912
1630,188932.0099517973
1189,125223.55784760357
6050,271397.7746013132
8752,147528.97313913325
8963,187159.2396342058
9671,411171.9897072568
4820,149749.82375643105
4475,131021.46049283801
6396,211137.7693552164
8932,186159.07229920512
162,171635.61297008372
10847,145895.9003631826
5692,364675.1679986385
7316,249499.23695558484
5485,218101.68310717156
9780,320598.1017847114
7307,141683.07258982587
9739,390962.04219520796
7426,145731.27373491868
835,187282.78612031057
11744,270133.0870679721
11907,252318.86923219115
5684,197724.66976023818
10335,110528.41417349108
4466,200062.0295969191
11593,133359.34442351357
244,202617.02070022913
15205,304981.50164486235
6071,178167.6094066223
9455,474383.6225042818
15862,317711.15486817993
8165,261780.42566962814
5002,241834.67988928774
5922,279084.0254676984
16616,265446.3172748557
7615,235753.68166892193
7911,175001.2052460666
7748,218827.9533704111
11265,343556.9054751756
15820,176195.8353768433
6648,175869.2016214678
7117,295838.35501574137
10262,183389.2790982387
2853,256691.39577637927
4606,248142.21844595135
12747,143478.42818112433
3953,143069.76393008884
3552,185770.80088787925
2675,294660.0936856539
4611,211895.22675979117
2025,215739.12107705645
5424,187282.29379203197
8546,159701.77486010676
8875,146131.50361622893
2807,337912.16838471853
8578,223832.7275219014
786,352713.76568012254
3945,211233.24460695632
16733,124682.82027727437
16191,155889.67198258534
12669,167979.56359559533
10493,153388.76999888662
6671,197796.60976970106
9330,232322.45210739228
1622,152461.95809272432
8713,207417.7777143656
8696,256192.00333519213
9187,230617.8195315192
14551,160138.6737669623
2646,294955.89047164685
9563,285305.3093908907
4031,165251.4842188731
5155,182232.8823926215
12116,377322.2899000922
3834,375005.05751976254
7785,226281.46610605155
307,149891.16073143663
13663,178099.29570329885
16357,112092.99799622216
10646,150029.3839083367
5615,167366.1064434609
4604,164148.47678973916
9308,176127.3474868421
16789,233578.478243731
15721,206262.60801001627
4994,378838.81178934354
5454,161759.811920423
4034,202698.60745078378
1420,182833.5938626168
6453,148515.89990755176
8167,185276.61521103047
11657,240648.62824634492
14356,414289.9327277793
2024,284816.35056225443
7701,106137.7930816611
6291,183823.39629068816
789,197606.69681217137
16315,276379.9834596282
3677,171423.7029344636
13309,153486.86302342685
2088,85468.83055443986
3707,171684.9277267115
5240,231984.56304175308
13197,219458.6269286816
3147,148449.33081892226
76,360664.1494798013
14287,151196.3745921398
7940,253220.62602693232
2515,115803.1338366957
4891,236500.77984261018
7623,326467.8559166664
10671,398178.369151196
13030,171204.31256164965
14686,238751.3926422727
13272,251289.85838786163
14954,224397.23328672172
16264,225998.0829666896
14461,179144.76213879924
13107,267364.90227600536
8740,296114.2042495756
2824,234155.58906663285
1645,136658.5816460697
15613,161349.9375458081
4803,237848.9902209995
971,157382.61627702104
13952,179796.35627710805
3320,153386.8627750011
15110,161402.39999320614
2440,173893.9450694389
10462,143909.84580261307
6011,309391.17905057425
9405,126806.00687096
511,167892.42311825417
4141,392714.9922782379
11651,155839.3131759648
343,231473.28246990748
14750,243870.55738845438
3711,168342.53963794783
6322,153129.4128515423
6533,191944.00521122114
6089,271282.33250812645
286,261685.17506511684
7639,104556.35715163074
16722,177430.5929140203
9157,234780.74212286147
7137,266700.84854634653
6669,310771.77111141157
3326,308946.924486063
5820,162135.11517005382
11604,216781.0307401107
16087,195102.91881318463
5327,219146.9703198726
13639,211918.59754831722
349,319999.387094117
15181,261653.52132836217
4821,275026.34563457954
1740,192397.36494036918
3450,150776.53330566894
16064,102845.221019436
1804,110471.46547954444
5296,132092.68679264124
5346,521408.0333487678
4723,340566.1910908477
417,160189.15240887
15756,162109.5924937983
14090,187284.64125642524
14778,329460.71944874735
2560,167716.4358574624
12920,84645.89799826505
8249,154607.87178688118
7125,157685.47987859743
11732,152933.97574343003
13365,403684.25446264143
5361,352200.12071282824
15937,295811.8979100304
2591,184452.49230482124
15706,199534.20418242624
2105,216318.6814931545
7220,316850.42913188046
14562,199990.21237986675
6836,165306.41056546094
8180,242860.9297568302
4695,137887.18210923477
5783,325692.9351154442
4780,188833.22839989574
12504,180791.53576690968
